6 0.25398437500000004 0.6395 0.4295625 0.5549999999999999
2 0.675359375 0.608046875 0.392359375 0.538953125
1 0.378859375 0.159359375 0.0675625 0.14156249999999998
0 0.613796875 0.24053125 0.097359375 0.152890625
4 0.8826562499999999 0.24446875 0.08559375 0.1529375
0 0.7896875 0.047921875 0.058515625 0.074953125
1 0.9251250000000001 0.059078125 0.063765625 0.08946875
0 0.606484375 0.108125 0.06728125 0.107171875
0 0.42790625000000004 0.065015625 0.061515625 0.106546875
1 0.70065625 0.0315 0.03409375 0.055140625
6 0.050796875 0.05653125 0.101578125 0.11299999999999999