1 0.35078125 0.81484375 0.1703125 0.3046875
0 0.0796875 0.54921875 0.159375 0.2890625
0 0.33671875 0.5140625 0.125 0.2203125
5 0.58984375 0.76796875 0.3015625 0.2546875
0 0.77734375 0.36171875 0.09375 0.1984375
0 0.5953125 0.425 0.125 0.20625
6 0.1921875 0.4515625 0.1875 0.3109375
6 0.384375 0.4 0.15 0.275
0 0.64375 0.16328125 0.06875 0.10625
6 0.54765625 0.2921875 0.1640625 0.2734375
6 0.96328125 0.18046875 0.0734375 0.2734375
0 0.40703125 0.2359375 0.0921875 0.1609375
2 0.8756562499999999 0.6516875 0.23567187500000003 0.46484375