1 0.35040625 0.8144843749999999 0.1695625 0.30489062499999997
0 0.079859375 0.5493750000000001 0.15971875 0.288578125
0 0.3368125 0.513765625 0.125 0.22082812500000001
2 0.9079843750000001 0.65475 0.15625 0.5409843750000001
4 0.589984375 0.768171875 0.3015 0.25393750000000004
0 0.777484375 0.361828125 0.093171875 0.19818750000000002
0 0.595203125 0.424921875 0.12442187499999999 0.20632812500000003
5 0.19242187500000002 0.451265625 0.186921875 0.311109375
5 0.384265625 0.40003124999999995 0.15046874999999998 0.274609375
0 0.6438125 0.16328125 0.068859375 0.106640625
5 0.547453125 0.291796875 0.164359375 0.27340624999999996
5 0.9635468749999999 0.18065625000000002 0.072921875 0.27335937499999996
0 0.406828125 0.235640625 0.0914375 0.16109374999999998