1 0.443671875 0.38378125 0.090453125 0.124296875
2 0.16599999999999998 0.47446875000000005 0.29303124999999997 0.266609375
1 0.45354687499999996 0.6110781249999999 0.11279687499999999 0.198671875
0 0.374359375 0.5801875 0.10546875 0.149921875
0 0.574578125 0.466328125 0.11004687500000002 0.15657812499999998
0 0.6622343749999999 0.349140625 0.108296875 0.138328125
0 0.8305312499999999 0.72371875 0.1740625 0.22340624999999997
0 0.497359375 0.076796875 0.1014375 0.10404687500000001
0 0.201609375 0.24895312500000003 0.088078125 0.120265625
0 0.47053124999999996 0.247609375 0.10510937499999999 0.10453125
0 0.620296875 0.22535937499999997 0.07909374999999999 0.10692187500000001