0 0.26475 0.4066875 0.14409375 0.1733125
0 0.09867187499999999 0.375140625 0.131359375 0.15535937500000002
5 0.846640625 0.5795 0.241890625 0.45296875
0 0.46296875000000004 0.302203125 0.106484375 0.16921875
0 0.6501718750000001 0.176015625 0.08159374999999999 0.11821875
4 0.862265625 0.19453125 0.078703125 0.12054687500000001
4 0.375 0.186140625 0.076390625 0.09334375
0 0.613421875 0.081078125 0.067125 0.09503125
0 0.469328125 0.06834375000000001 0.0914375 0.0765
0 0.14265624999999998 0.075875 0.059609375 0.084609375
1 0.19242187500000002 0.12159374999999999 0.068859375 0.106625
1 0.74653125 0.04925 0.0625 0.093859375