5 0.43970312500000003 0.46809375 0.29809375 0.47125000000000006
5 0.860125 0.447234375 0.270203125 0.47329687500000006
0 0.07490625 0.179859375 0.099734375 0.15103125
0 0.34196875000000004 0.133609375 0.10889062499999999 0.15228124999999998
0 0.467765625 0.21875 0.12298437499999999 0.1288125
0 0.7655000000000001 0.17390624999999998 0.11842187500000001 0.139125
0 0.964078125 0.123265625 0.07184375 0.12534375
0 0.9049375 0.06321875 0.0973125 0.126421875
0 0.54878125 0.09446875 0.103734375 0.11151562500000001
0 0.677015625 0.08056250000000001 0.085203125 0.1274375
0 0.732890625 0.040999999999999995 0.084484375 0.079578125
0 0.10371875 0.045359375 0.069859375 0.09071875