4 0.187796875 0.27151562500000004 0.038765625 0.073125
2 0.62296875 0.617390625 0.10359375 0.34475
2 0.192125 0.68803125 0.335640625 0.49990625
0 0.230609375 0.301625 0.0758125 0.1125
0 0.083328125 0.27759375 0.0694375 0.08875
0 0.8495312500000001 0.27556250000000004 0.060187500000000005 0.07428125
0 0.61025 0.260515625 0.04340625 0.08584375
0 0.419265625 0.2966875 0.0711875 0.07834375
0 0.8339062500000001 0.20985937500000001 0.035875000000000004 0.05746875
0 0.5720468750000001 0.257625 0.036453124999999996 0.05921875
0 0.25115625 0.205234375 0.057874999999999996 0.075984375
0 0.925921875 0.16934375 0.046296875 0.059765625
0 0.729171875 0.2388125 0.0625 0.094515625
0 0.32292187499999997 0.20204687500000001 0.0555625 0.08003125
0 0.395546875 0.198 0.037609375 0.06498437500000001
1 0.129625 0.176 0.03703125 0.076546875
1 0.609375 0.176578125 0.0243125 0.056874999999999995
1 0.785875 0.169640625 0.043984375 0.077703125
1 0.49796874999999996 0.25240625 0.04803125 0.08353125
2 0.4305625 0.230421875 0.0555625 0.10204687500000001
4 0.493640625 0.1736875 0.042828125 0.05803125
4 0.9499375000000001 0.25125000000000003 0.070015625 0.074265625