5 0.1875 0.271875 0.0390625 0.0734375
2 0.62265625 0.6171875 0.103125 0.3453125
2 0.1921875 0.68828125 0.3359375 0.5
0 0.23046875 0.3015625 0.0765625 0.1125
0 0.08359375 0.27734375 0.06875 0.0890625
0 0.84921875 0.27578125 0.0609375 0.075
0 0.61015625 0.26015625 0.04375 0.0859375
0 0.41953125 0.296875 0.071875 0.078125
0 0.83359375 0.21015625 0.0359375 0.0578125
0 0.571875 0.2578125 0.0359375 0.059375
0 0.25078125 0.20546875 0.0578125 0.0765625
0 0.92578125 0.16953125 0.046875 0.059375
0 0.72890625 0.2390625 0.0625 0.09375
0 0.32265625 0.20234375 0.05625 0.0796875
0 0.3953125 0.19765625 0.0375 0.065625
1 0.1296875 0.17578125 0.0375 0.0765625
1 0.609375 0.1765625 0.025 0.05625
1 0.7859375 0.16953125 0.04375 0.078125
1 0.49765625 0.25234375 0.0484375 0.0828125
2 0.43046875 0.23046875 0.05625 0.1015625
5 0.49375 0.1734375 0.0421875 0.0578125
5 0.95 0.2515625 0.0703125 0.075