1 0.5625 0.309375 0.034375 0.075
1 0.27578125 0.35859375 0.05625 0.1375
1 0.0546875 0.3828125 0.0578125 0.1375
0 0.3921875 0.390625 0.0609375 0.134375
0 0.58125 0.4140625 0.04375 0.090625
1 0.65078125 0.46171875 0.059375 0.13125
0 0.4484375 0.47890625 0.0828125 0.171875
1 0.1609375 0.4921875 0.0703125 0.1734375
1 0.31796875 0.6125 0.078125 0.1640625
0 0.02109375 0.1296875 0.034375 0.0796875
0 0.24609375 0.20078125 0.0328125 0.06875
1 0.4609375 0.228125 0.0359375 0.0703125
4 0.3234375 0.2296875 0.034375 0.0703125
0 0.39140625 0.2671875 0.0375 0.084375
1 0.16171875 0.29453125 0.05 0.1078125