1 0.4375 0.309375 0.034375 0.075
1 0.72421875 0.35859375 0.05625 0.1375
1 0.9453125 0.3828125 0.0578125 0.1375
0 0.6078125 0.390625 0.0609375 0.134375
0 0.41875 0.4140625 0.04375 0.090625
1 0.34921875 0.46171875 0.059375 0.13125
0 0.5515625 0.47890625 0.0828125 0.171875
1 0.8390625 0.4921875 0.0703125 0.1734375
1 0.68203125 0.6125 0.078125 0.1640625
0 0.97890625 0.1296875 0.034375 0.0796875
0 0.75390625 0.20078125 0.0328125 0.06875
1 0.5390625 0.228125 0.0359375 0.0703125
4 0.6765625 0.2296875 0.034375 0.0703125
0 0.60859375 0.2671875 0.0375 0.084375
1 0.83828125 0.29453125 0.05 0.1078125
0 0.5385 0.348765625 0.0546875 0.094859375
0 0.9481093749999999 0.276234375 0.061390625 0.09709375
1 0.8811406249999999 0.23103125000000002 0.0390625 0.08259375
0 0.786265625 0.220421875 0.041296875 0.094859375
1 0.326453125 0.364390625 0.045765625 0.08146875
1 0.368296875 0.37109375 0.044640625 0.0859375