0 0.7478125 0.711625 0.058109375 0.105484375
0 0.5855312500000001 0.6735625 0.043421875 0.0684375
2 0.746984375 0.869078125 0.24912499999999999 0.251125
1 0.294546875 0.7849375000000001 0.10207812499999999 0.114109375
0 0.07731249999999999 0.704421875 0.094703125 0.10671875
0 0.3075625 0.68803125 0.07603125 0.09476562499999999
0 0.39653125 0.701125 0.071671875 0.097515625
0 0.83940625 0.6205625 0.05639062500000001 0.074421875
0 0.677171875 0.6153593749999999 0.062640625 0.08484375
0 0.9244375 0.636234375 0.04675 0.056265625
0 0.9576874999999999 0.733203125 0.08462499999999999 0.09917187499999999
0 0.9889374999999999 0.614640625 0.022125 0.057343750000000006