1 0.74140625 0.17265625 0.0265625 0.0609375
4 0.809375 0.18671875 0.03125 0.0671875
1 0.57578125 0.18984375 0.034375 0.0625
0 0.69296875 0.21015625 0.034375 0.0671875
0 0.840625 0.2234375 0.0296875 0.06875
0 0.53984375 0.246875 0.0296875 0.06875
1 0.57109375 0.26796875 0.0375 0.071875
0 0.21328125 0.30703125 0.028125 0.0765625
1 0.71953125 0.32734375 0.0484375 0.0984375
1 0.04140625 0.33203125 0.0453125 0.096875
1 0.35703125 0.34765625 0.0390625 0.084375
1 0.928125 0.3734375 0.0484375 0.0765625
1 0.2421875 0.38125 0.046875 0.1265625
1 0.40859375 0.38671875 0.0421875 0.1015625
1 0.59921875 0.39296875 0.04375 0.096875
1 0.9828125 0.39609375 0.034375 0.0890625
1 0.9078125 0.45390625 0.0515625 0.1125
1 0.696875 0.47265625 0.046875 0.10625
1 0.08984375 0.47734375 0.0453125 0.103125
1 0.75625 0.51015625 0.059375 0.1453125
1 0.4828125 0.51640625 0.0484375 0.128125
1 0.2578125 0.64375 0.0671875 0.1609375
1 0.8734375 0.70078125 0.065625 0.171875
1 0.9453125 0.16796875 0.0296875 0.0578125
4 0.459578125 0.23179687499999999 0.028859375 0.077390625
0 0.518140625 0.3405625 0.041453125 0.113375