1 0.25859375 0.17265625 0.0265625 0.0609375
4 0.190625 0.18671875 0.03125 0.0671875
1 0.42421875 0.18984375 0.034375 0.0625
0 0.30703125 0.21015625 0.034375 0.0671875
0 0.159375 0.2234375 0.0296875 0.06875
0 0.5390625 0.240625 0.0359375 0.078125
0 0.46015625 0.246875 0.0296875 0.06875
1 0.42890625 0.26796875 0.0375 0.071875
0 0.78671875 0.30703125 0.028125 0.0765625
1 0.28046875 0.32734375 0.0484375 0.0984375
1 0.95859375 0.33203125 0.0453125 0.096875
0 0.48359375 0.3453125 0.0421875 0.103125
1 0.64296875 0.34765625 0.0390625 0.084375
1 0.071875 0.3734375 0.0484375 0.0765625
1 0.7578125 0.38125 0.046875 0.1265625
1 0.59140625 0.38671875 0.0421875 0.1015625
1 0.40078125 0.39296875 0.04375 0.096875
1 0.0171875 0.39609375 0.034375 0.0890625
1 0.0921875 0.45390625 0.0515625 0.1125
1 0.303125 0.47265625 0.046875 0.10625
1 0.91015625 0.47734375 0.0453125 0.103125
1 0.24375 0.51015625 0.059375 0.1453125
1 0.5171875 0.51640625 0.0484375 0.128125
1 0.7421875 0.64375 0.0671875 0.1609375
1 0.1265625 0.70078125 0.065625 0.171875
1 0.0546875 0.16796875 0.0296875 0.0578125