1 0.58203125 0.36328125 0.0390625 0.065625
0 0.83046875 0.36875 0.04375 0.065625
2 0.55859375 0.5359375 0.2046875 0.1859375
4 0.16796875 0.57734375 0.2375 0.2453125
0 0.2359375 0.38515625 0.0453125 0.0671875
0 0.30625 0.38203125 0.0546875 0.0765625
2 0.14765625 0.484375 0.16875 0.1765625
2 0.384375 0.4578125 0.15625 0.1703125
1 0.92890625 0.35234375 0.0453125 0.0578125
1 0.7015625 0.290625 0.021875 0.03125
4 0.69296875 0.45625 0.171875 0.1609375
0 0.39140625 0.33984375 0.0375 0.0546875
0 0.65 0.3421875 0.05 0.0671875
0 0.7625 0.35 0.05 0.065625
1 0.88046875 0.31640625 0.0296875 0.0390625