1 0.5822499999999999 0.36334374999999997 0.039468750000000004 0.065171875
0 0.83021875 0.368578125 0.043203124999999995 0.065234375
2 0.558453125 0.53578125 0.20540625 0.18609375
6 0.168140625 0.577171875 0.236828125 0.24543750000000003
0 0.236171875 0.38493750000000004 0.045234375 0.06671875000000001
0 0.306203125 0.381703125 0.055078125 0.07584375
2 0.14790625 0.4840625 0.1691875 0.176375
2 0.3841875 0.45785937499999996 0.156125 0.170875
1 0.9290156250000001 0.352203125 0.045484375 0.058515625
1 0.70128125 0.290609375 0.0223125 0.0316875
6 0.6929531250000001 0.455875 0.171421875 0.161703125
0 0.391203125 0.33975 0.037593749999999995 0.054453125000000005
0 0.6496562499999999 0.34240624999999997 0.049296875000000004 0.067578125
0 0.7621875 0.349609375 0.050390625 0.06634375
1 0.8805624999999999 0.31615625 0.029312500000000002 0.0385