1 0.06875 0.56484375 0.05 0.0796875
0 0.18046875 0.575 0.059375 0.08125
1 0.2484375 0.62265625 0.059375 0.121875
1 0.446875 0.62890625 0.0609375 0.1265625
1 0.63046875 0.159375 0.028125 0.0484375
1 0.4953125 0.20703125 0.025 0.0484375
4 0.9078125 0.20703125 0.040625 0.0625
1 0.39296875 0.2078125 0.028125 0.0453125
1 0.83046875 0.2515625 0.0421875 0.0765625
1 0.315625 0.25859375 0.028125 0.04375
1 0.58515625 0.2609375 0.0421875 0.0609375
1 0.6984375 0.27421875 0.0359375 0.0671875
1 0.203125 0.27578125 0.0296875 0.046875
1 0.3890625 0.296875 0.0515625 0.0890625
1 0.28203125 0.31328125 0.03125 0.0578125
1 0.2 0.33984375 0.034375 0.0578125
1 0.45703125 0.34296875 0.0421875 0.08125
1 0.08359375 0.34765625 0.03125 0.059375
1 0.60703125 0.35390625 0.0390625 0.071875
1 0.859375 0.40625 0.053125 0.115625
1 0.33671875 0.40625 0.0484375 0.0765625
1 0.0171875 0.41953125 0.028125 0.0609375
1 0.66953125 0.46875 0.0546875 0.115625
0 0.3671875 0.4953125 0.040625 0.1
0 0.521875 0.50859375 0.040625 0.1