1 0.93125 0.56484375 0.05 0.0796875
0 0.81953125 0.575 0.059375 0.08125
1 0.7515625 0.62265625 0.059375 0.121875
1 0.553125 0.62890625 0.0609375 0.1265625
1 0.36953125 0.159375 0.028125 0.0484375
1 0.5046875 0.20703125 0.025 0.0484375
4 0.0921875 0.20703125 0.040625 0.0625
1 0.60703125 0.2078125 0.028125 0.0453125
1 0.16953125 0.2515625 0.0421875 0.0765625
1 0.684375 0.25859375 0.028125 0.04375
1 0.41484375 0.2609375 0.0421875 0.0609375
1 0.3015625 0.27421875 0.0359375 0.0671875
1 0.796875 0.27578125 0.0296875 0.046875
1 0.6109375 0.296875 0.0515625 0.0890625
1 0.71796875 0.31328125 0.03125 0.0578125
1 0.8 0.33984375 0.034375 0.0578125
1 0.54296875 0.34296875 0.0421875 0.08125
1 0.91640625 0.34765625 0.03125 0.059375
1 0.39296875 0.35390625 0.0390625 0.071875
1 0.140625 0.40625 0.053125 0.115625
1 0.66328125 0.40625 0.0484375 0.0765625
1 0.9828125 0.41953125 0.028125 0.0609375
1 0.33046875 0.46875 0.0546875 0.115625
0 0.478125 0.50859375 0.040625 0.1
0 0.6328125 0.4953125 0.040625 0.1