1 0.0765625 0.2890625 0.065625 0.10625
0 0.5515625 0.3 0.071875 0.0890625
1 0.41015625 0.346875 0.084375 0.115625
1 0.31796875 0.4765625 0.075 0.1125
1 0.915625 0.5265625 0.0890625 0.1171875
1 0.7328125 0.05546875 0.0515625 0.06875
1 0.40859375 0.05625 0.0421875 0.078125
1 0.128125 0.0875 0.05 0.08125
1 0.87734375 0.09453125 0.059375 0.0765625
1 0.50234375 0.11171875 0.053125 0.0734375
1 0.6828125 0.12890625 0.0515625 0.0796875
1 0.271875 0.14375 0.05625 0.0875
1 0.4046875 0.20546875 0.065625 0.0953125
1 0.859375 0.21875 0.059375 0.09375