1 0.9234375 0.2890625 0.065625 0.10625
0 0.4484375 0.3 0.071875 0.0890625
1 0.58984375 0.346875 0.084375 0.115625
1 0.68203125 0.4765625 0.075 0.1125
1 0.084375 0.5265625 0.0890625 0.1171875
1 0.2671875 0.05546875 0.0515625 0.06875
1 0.59140625 0.05625 0.0421875 0.078125
1 0.871875 0.0875 0.05 0.08125
1 0.12265625 0.09453125 0.059375 0.0765625
1 0.49765625 0.11171875 0.053125 0.0734375
1 0.3171875 0.12890625 0.0515625 0.0796875
1 0.728125 0.14375 0.05625 0.0875
1 0.5953125 0.20546875 0.065625 0.0953125
1 0.140625 0.21875 0.059375 0.09375