6 0.14353125 0.51115625 0.20603125000000003 0.413171875
1 0.753125 0.425 0.0328125 0.08125
0 0.04453125 0.425 0.0390625 0.084375
1 0.3109375 0.43984375 0.0203125 0.0421875
1 0.24296875 0.44140625 0.0203125 0.0484375
1 0.471875 0.44296875 0.0171875 0.04375
1 0.66640625 0.44453125 0.01875 0.040625
1 0.63671875 0.44453125 0.0328125 0.0765625
1 0.803125 0.4453125 0.0359375 0.0703125
1 0.55546875 0.4453125 0.0125 0.0359375
0 0.984375 0.45859375 0.03125 0.0828125
1 0.91640625 0.46015625 0.021875 0.04375
1 0.3953125 0.46328125 0.03125 0.065625
1 0.3484375 0.46484375 0.0234375 0.0765625
1 0.59453125 0.4796875 0.0234375 0.0546875
0 0.2765625 0.4828125 0.025 0.0546875