1 0.642484375 0.497546875 0.066265625 0.080984375
1 0.31209375 0.432125 0.0590625 0.074984375
1 0.073296875 0.411140625 0.052796875 0.07221875
0 0.910765625 0.523734375 0.07671875 0.0865
0 0.8321875000000001 0.399328125 0.04715625 0.06425
1 0.430265625 0.339125 0.045765625 0.063609375
0 0.133421875 0.28146875 0.027218750000000003 0.036828125
0 0.919796875 0.26571875 0.021843750000000002 0.023578125
0 0.83671875 0.2650625 0.024953125 0.022265625
0 0.6489375 0.287328125 0.021812500000000002 0.030343750000000003
0 0.584828125 0.29190625 0.021171875 0.029078125