0 0.85078125 0.3890625 0.0671875 0.1546875
0 0.95234375 0.42421875 0.0625 0.109375
0 0.75390625 0.43984375 0.0203125 0.0609375
0 0.25 0.43984375 0.040625 0.1
1 0.53046875 0.44140625 0.0171875 0.05
0 0.36484375 0.44296875 0.04375 0.0953125
1 0.44453125 0.44375 0.01875 0.040625
1 0.1796875 0.44921875 0.034375 0.0875
0 0.0828125 0.45703125 0.028125 0.05625
0 0.01875 0.4625 0.0375 0.09375
1 0.65625 0.4625 0.0359375 0.09375
0 0.6 0.46796875 0.03125 0.0796875
1 0.403125 0.47578125 0.0265625 0.0625
0 0.7234375 0.48125 0.028125 0.0703125