4 0.3905625 0.549296875 0.3436406249999999 0.3485468750000001
1 0.69971875 0.4255625 0.04324999999999992 0.08284374999999997
1 0.93453125 0.41312499999999996 0.052671875000000055 0.06824999999999992
1 0.02603124999999995 0.45242187500000003 0.0520624999999999 0.09229687500000008
1 0.561 0.34500000000000003 0.047218750000000045 0.05975000000000001
0 0.15142187499999996 0.43140625000000005 0.06432812500000011 0.04748437499999998
0 0.6637187499999999 0.313578125 0.047531250000000115 0.043656249999999994
5 0.9045 0.304375 0.03731250000000017 0.038375000000000006
0 0.985015625 0.33253125 0.0299687500000001 0.045218749999999995
0 0.42496875 0.289296875 0.02762499999999992 0.029062500000000036
0 0.7252656249999999 0.297140625 0.025984374999999994 0.026515624999999952
0 0.459671875 0.251328125 0.02073437499999997 0.026046875000000025
0 0.08739062499999992 0.269 0.02831249999999983 0.027531250000000007
0 0.3680625 0.291265625 0.024249999999999973 0.030390624999999984
0 0.20385937500000004 0.24803125 0.01932812499999992 0.01946874999999997