1 0.3088125 0.43143750000000003 0.055109375 0.076359375
1 0.065453125 0.4150625 0.055343750000000004 0.069640625
1 0.6411875 0.5093125 0.06359375 0.07325000000000001
1 0.9752656249999999 0.45959374999999997 0.04946875 0.083203125
1 0.43440625 0.339109375 0.045875 0.058374999999999996
0 0.825 0.40326562499999996 0.053625 0.06690625
0 0.165484375 0.30371875 0.02884375 0.0396875
0 0.587453125 0.29059375 0.026437500000000003 0.026453125
0 0.653515625 0.28275 0.02315625 0.031609375
0 0.275390625 0.301703125 0.029921874999999997 0.02003125
0 0.919796875 0.267015625 0.02446875 0.02096875
1 0.628015625 0.25134375000000003 0.02421875 0.03128125