2 0.8489531250000001 0.479328125 0.2256875000000001 0.22487499999999994
0 0.03993749999999992 0.457625 0.07985937499999984 0.26826562500000006
0 0.6111093750000001 0.39712499999999995 0.09028124999999995 0.116015625
0 0.521984375 0.394234375 0.12268749999999998 0.16578125000000005
0 0.70196875 0.372234375 0.08217187500000005 0.06621874999999999
0 0.263890625 0.346765625 0.15971875000000005 0.13335937500000003
0 0.12876562499999994 0.367609375 0.1001093749999999 0.0916875
0 0.155671875 0.3131875 0.09143749999999998 0.11481250000000003
0 0.09664062500000004 0.288015625 0.0844843749999999 0.12348437500000005
0 0.940390625 0.36153124999999997 0.11226562499999986 0.09689062499999998
0 0.454859375 0.337796875 0.09028124999999995 0.08414062500000004