6 0.8608281249999999 0.48884375 0.12790625 0.359375
0 0.94375 0.43046875 0.046875 0.0921875
0 0.7578125 0.4453125 0.025 0.0578125
1 0.44375 0.446875 0.0171875 0.0375
0 0.21953125 0.446875 0.0234375 0.0609375
0 0.2734375 0.45 0.0359375 0.0828125
1 0.53515625 0.45078125 0.01875 0.046875
0 0.3578125 0.45390625 0.0359375 0.08125
1 0.08515625 0.45859375 0.0265625 0.0421875
1 0.60390625 0.459375 0.028125 0.0640625
0 0.02109375 0.4609375 0.0390625 0.0875
2 0.183140625 0.48873437500000005 0.10959375 0.18771875
4 0.65234375 0.46796875 0.028125 0.0796875
0 0.72578125 0.48046875 0.028125 0.0609375