1 0.313609375 0.423640625 0.075328125 0.098765625
1 0.61825 0.447671875 0.073375 0.0985
1 0.88375 0.47834374999999996 0.0844375 0.108078125
1 0.44945312499999995 0.329703125 0.055140625 0.08834375
1 0.124390625 0.31165625 0.045656249999999995 0.0550625
0 0.038546875 0.3006875 0.041015625 0.026234374999999997
0 0.340125 0.309578125 0.0463125 0.048265625
0 0.263484375 0.2974375 0.03609375 0.02678125
0 0.1895 0.274125 0.034875 0.040640625
0 0.6428125 0.286921875 0.026500000000000003 0.0306875
0 0.58328125 0.28896875 0.040453125 0.030875000000000003
0 0.5241718750000001 0.249671875 0.033859375000000004 0.03134375
0 0.868765625 0.256421875 0.029578125 0.03553125
0 0.9160625 0.258828125 0.037296875 0.029578125
0 0.800171875 0.24 0.034499999999999996 0.026328125
0 0.74465625 0.275109375 0.03934375 0.02753125
0 0.61425 0.249265625 0.03209375 0.0385