0 0.7828125 0.448046875 0.0868281249999999 0.10837500000000003
1 0.38515625 0.45703125 0.07678124999999998 0.09910937499999992
1 0.0546875 0.451453125 0.109375 0.13951562499999995
1 0.5931875 0.3448125 0.05915625000000002 0.08404687500000003
0 0.16071875000000002 0.42371875000000003 0.08860937500000006 0.06529687499999995
5 0.6729843750000001 0.3130625 0.0647343750000001 0.09485937499999997
0 0.868140625 0.28990625 0.0358281250000001 0.04587500000000002
0 0.7270156249999999 0.2854375 0.034828124999999946 0.03806250000000002
0 0.42003124999999997 0.295421875 0.043859375000000075 0.03235937499999997
0 0.34392187500000004 0.29140625 0.031140624999999922 0.03973437500000001
0 0.369421875 0.259484375 0.024546875000000058 0.04129687500000001
0 0.45178124999999997 0.255578125 0.029234375000000055 0.03504687500000001
0 0.404578125 0.23717187499999998 0.02120312500000008 0.03235937499999997
0 0.17567187499999992 0.27131249999999996 0.0397343750000001 0.02589062499999999
5 0.08203125 0.262828125 0.05915624999999984 0.05692187500000001