0 0.881359375 0.629859375 0.1146250000000002 0.171671875
1 0.70096875 0.480875 0.06678125000000001 0.1143437500000001
0 0.519609375 0.49524999999999997 0.05648437499999996 0.06979687499999994
0 0.462765625 0.40875000000000006 0.05060937499999998 0.06649999999999992
0 0.10104687499999994 0.33664062499999997 0.0372187499999999 0.044906250000000016
0 0.286203125 0.28746875 0.028843750000000057 0.03534375000000001
0 0.44978125 0.28684375 0.029906249999999978 0.03921875000000004
0 0.6250312499999999 0.34003125 0.04643750000000004 0.056546874999999996
1 0.9594374999999999 0.31175 0.044624999999999915 0.05782812499999999
0 0.8710000000000001 0.41010937500000005 0.06496874999999988 0.07426562499999996
0 0.732984375 0.396984375 0.05717187500000005 0.05050000000000008
0 0.012921874999999972 0.29603125 0.025843749999999943 0.028749999999999963
0 0.242375 0.26984375 0.03060937500000005 0.036374999999999956
5 0.314671875 0.356203125 0.18571875000000002 0.08996874999999997