1 0.34085937499999996 0.433015625 0.11689062499999991 0.14612499999999998
1 0.046875 0.472953125 0.08681249999999992 0.16351562499999997
1 0.746234375 0.431859375 0.19849999999999995 0.14381249999999995
0 0.56365625 0.393671875 0.06714062500000004 0.08589062500000004
0 0.9375 0.29293749999999996 0.09721875000000005 0.17153125000000005
0 0.13773437499999996 0.408703125 0.08564062499999991 0.13917187500000008
0 0.4178125 0.285703125 0.05325000000000006 0.040109375000000023
0 0.86053125 0.270359375 0.04050000000000011 0.04301562500000004
0 0.6672343749999999 0.327078125 0.05209374999999987 0.05692187500000001
0 0.537609375 0.292921875 0.03587500000000006 0.04185937500000003
0 0.33825000000000005 0.278453125 0.030671874999999994 0.036062499999999977
0 0.37210937499999996 0.25587499999999996 0.01967187500000005 0.04185937500000003
0 0.26446875 0.275859375 0.049765625000000036 0.03432812500000004
0 0.180265625 0.261671875 0.038765624999999915 0.04417187499999997
0 0.084765625 0.264578125 0.035296874999999873 0.04532812499999998
0 0.712390625 0.270640625 0.02893749999999997 0.06095312499999998
0 0.8064218750000001 0.27556250000000004 0.04340624999999996 0.08817187500000001
0 0.18114062499999992 0.22809374999999998 0.047453124999999916 0.055734375000000023
5 0.578125 0.290609375 0.052078125000000065 0.08354687500000005