1 0.9505156250000001 0.451171875 0.0859375 0.11589062499999994
0 0.7864531250000001 0.412765625 0.06770312499999989 0.09114062500000006
0 0.68359375 0.396484375 0.057296875000000115 0.07160937500000006
0 0.513671875 0.3658906249999999 0.055984375000000065 0.078125
1 0.4173125 0.35285937500000003 0.055984375000000065 0.0703125
1 0.321609375 0.33332812500000003 0.041671874999999935 0.059890624999999975
0 0.15104687499999994 0.3815156249999999 0.057296875000000115 0.078125
1 0.03125 0.419921875 0.0625 0.09765625
0 0.2083281249999999 0.32487499999999997 0.04687500000000009 0.05859375
1 0.021484375 0.26887500000000003 0.03515625 0.048171874999999975
0 0.9264374999999999 0.35221874999999997 0.040359374999999885 0.055984374999999975