0 0.675203125 0.692484375 0.23159375 0.320046875
0 0.0530625 0.5682343750000001 0.099796875 0.25906250000000003
0 0.342515625 0.440453125 0.14746874999999998 0.19721875
0 0.552015625 0.42275 0.12898437499999998 0.14931250000000001
0 0.141265625 0.379046875 0.11371875000000001 0.14942187499999998
0 0.04553125 0.349265625 0.0910625 0.13359375
0 0.531625 0.291953125 0.094421875 0.12521875
0 0.3825625 0.26303125 0.0713125 0.079890625
0 0.195359375 0.266578125 0.053140625 0.080734375
0 0.149265625 0.272984375 0.04221875 0.05603125
1 0.281578125 0.240203125 0.063109375 0.07796875
0 0.47165625 0.2390625 0.055734375 0.0881875