1 0.070703125 0.405859375 0.07856250000000001 0.08937500000000001
1 0.283921875 0.44020312500000003 0.08259375 0.094859375
1 0.652515625 0.473984375 0.072375 0.10800000000000001
1 0.411703125 0.338765625 0.05503125 0.077265625
0 0.33340625 0.31890625 0.059671875 0.048515625
0 0.845515625 0.428046875 0.07753125 0.069546875
0 0.1511875 0.2749375 0.043437500000000004 0.049703125
0 0.27053125 0.293828125 0.03675 0.0308125
0 0.3800625 0.271734375 0.041203125 0.040531250000000005
0 0.5390625 0.250640625 0.02678125 0.032718750000000005
0 0.5820000000000001 0.2904375 0.041203125 0.036390624999999996
0 0.6507031249999999 0.286625 0.026187500000000002 0.038203125
0 0.749140625 0.276140625 0.03228125 0.030140624999999997
0 0.887796875 0.25003125000000004 0.025578125 0.033218750000000005
0 0.7933125000000001 0.24940625 0.034953125 0.0190625
0 0.82340625 0.27984375 0.02815625 0.021890625