1 0.9520156249999999 0.4636875 0.08337499999999984 0.10932812500000004
1 0.03201562500000001 0.418 0.06403125000000003 0.08146874999999998
1 0.9101874999999999 0.344796875 0.06567187499999996 0.06493750000000001
0 0.6306875 0.43090624999999994 0.09409375000000005 0.07295312500000009
0 0.8149218749999999 0.43745312500000005 0.08434375000000002 0.05515624999999993
0 0.70425 0.44176562500000005 0.07268749999999997 0.05746874999999996
0 0.4246875 0.38210937500000003 0.07071874999999998 0.057968750000000034
5 0.498453125 0.358359375 0.10303125000000009 0.09556250000000004
5 0.327234375 0.362078125 0.08574999999999999 0.099515625
0 0.16754687500000004 0.3848125 0.07246875000000008 0.08210937500000001
0 0.19303124999999993 0.30890625 0.057265625000000056 0.04767187499999999
0 0.03735937499999995 0.29353125 0.050562499999999844 0.051640625000000016
0 0.13804687500000004 0.310171875 0.035296874999999873 0.039437500000000014