1 0.639234375 0.5031875 0.076671875 0.0994375
1 0.29928125 0.43131250000000004 0.065515625 0.090953125
1 0.0635 0.41785937500000003 0.064515625 0.07946875
0 0.7750625 0.392125 0.0615 0.069984375
1 0.47209375 0.334265625 0.10490625 0.11942187500000001
0 0.34040625 0.310828125 0.047328125 0.053796875
0 0.157203125 0.301171875 0.03984375 0.045640625000000004
0 0.020140625000000002 0.330796875 0.040281250000000005 0.054906250000000004
0 0.29090625000000003 0.280078125 0.034484375 0.034046875
0 0.58884375 0.294078125 0.038171875 0.02946875
0 0.5391250000000001 0.25071875 0.034484375 0.036265625
0 0.65496875 0.284484375 0.028015625 0.032140625
0 0.749828125 0.280015625 0.03984375 0.022546875
5 0.9132187500000001 0.256859375 0.049671875 0.0599375