1 0.067578125 0.40881249999999997 0.077125 0.080796875
1 0.314234375 0.41612499999999997 0.081578125 0.11171875
1 0.428625 0.334828125 0.062609375 0.07365625
5 0.6411875 0.48650000000000004 0.0765625 0.10290625
1 0.9676406249999999 0.439171875 0.064734375 0.146203125
0 0.845140625 0.42517187500000003 0.077125 0.06484375
0 0.13956249999999998 0.285484375 0.037609375 0.041515625
0 0.07315625 0.306421875 0.045875 0.0411875
1 0.34118750000000003 0.30525 0.047546875 0.05290625
0 0.270484375 0.28828125 0.03671875 0.032140625
0 0.39196875000000003 0.275890625 0.04084375 0.041734375000000004
0 0.6758437500000001 0.27717187499999996 0.034703125 0.032703125
1 0.6192031250000001 0.256359375 0.03459375 0.035484375
0 0.56746875 0.26959374999999997 0.027796875 0.0255625
0 0.541578125 0.24889062499999998 0.030921874999999998 0.036609375
0 0.7560781249999999 0.2686875 0.034484375 0.02578125
5 0.826234375 0.2661875 0.055796875 0.05021875
5 0.9113906249999999 0.250328125 0.0546875 0.061390625