1 0.1484375 0.39296875 0.04375 0.08125
1 0.0640625 0.41796875 0.0359375 0.075
1 0.75234375 0.4234375 0.0328125 0.0796875
1 0.30703125 0.43984375 0.01875 0.04375
1 0.24140625 0.44296875 0.0203125 0.0515625
1 0.47109375 0.44296875 0.0171875 0.0390625
1 0.5546875 0.44375 0.015625 0.034375
1 0.665625 0.44453125 0.01875 0.040625
1 0.81171875 0.4453125 0.03125 0.0671875
1 0.63515625 0.446875 0.0328125 0.078125
0 0.4109375 0.459375 0.028125 0.065625
1 0.91484375 0.46015625 0.0203125 0.04375
0 0.984375 0.46015625 0.03125 0.08125
0 0.36640625 0.4625 0.0203125 0.0703125
1 0.5953125 0.48046875 0.025 0.0546875
0 0.275 0.48515625 0.0234375 0.0578125