0 0.83203125 0.40390625 0.04375 0.0796875
0 0.93125 0.41796875 0.0421875 0.08125
1 0.246875 0.4234375 0.034375 0.08125
1 0.6890625 0.4390625 0.021875 0.040625
1 0.75703125 0.44296875 0.0234375 0.05625
1 0.528125 0.44375 0.0171875 0.0421875
0 0.21640625 0.44375 0.0203125 0.053125
1 0.44453125 0.44453125 0.0125 0.0296875
1 0.184375 0.4453125 0.03125 0.06875
1 0.36484375 0.4453125 0.03125 0.0765625
1 0.334375 0.4453125 0.0171875 0.0390625
0 0.58828125 0.45859375 0.0234375 0.059375
0 0.015625 0.459375 0.03125 0.0828125
1 0.084375 0.459375 0.0203125 0.0421875
0 0.63125 0.46484375 0.0171875 0.0671875
1 0.40390625 0.48046875 0.0234375 0.046875
0 0.72578125 0.48125 0.028125 0.0609375