1 0.95646875 0.42521875 0.08704687500000005 0.14509375000000002
1 0.637828125 0.431359375 0.11942187499999993 0.15735937500000002
0 0.224890625 0.43639062500000003 0.12834374999999998 0.17634375000000002
0 0.8074843749999999 0.39509375 0.12389062499999995 0.14732812499999998
0 0.41517187499999997 0.352125 0.09821875000000002 0.11942187500000005
1 0.0625 0.337609375 0.07589062499999999 0.09485937499999997
0 0.3203125 0.327015625 0.078125 0.08259375000000002
0 0.15625 0.278453125 0.05803124999999998 0.07478125000000002
0 0.646765625 0.280140625 0.05692187499999992 0.06920312500000003
0 0.576453125 0.27734375 0.06360937500000005 0.06807812499999999
0 0.459265625 0.279578125 0.06139062499999994 0.05915625000000002
0 0.8147343749999999 0.260046875 0.05357812499999994 0.05134375000000002
0 0.727125 0.26896875 0.05245312500000008 0.05579687499999997
0 0.9207656249999999 0.25725 0.05579687500000006 0.06360937499999997