0 0.11864062500000001 0.629859375 0.114625 0.171671875
1 0.29903124999999997 0.480875 0.06678125 0.11434375000000001
0 0.48039062499999996 0.49524999999999997 0.056484374999999996 0.06979687500000001
0 0.5372343749999999 0.40875000000000006 0.050609375 0.0665
0 0.898953125 0.33664062499999997 0.03721875 0.044906249999999995
0 0.713796875 0.28746875 0.02884375 0.03534375
0 0.55021875 0.28684375 0.029906250000000002 0.039218750000000004
0 0.37496874999999996 0.34003125 0.0464375 0.056546874999999996
1 0.0405625 0.31175 0.044625 0.057828124999999994
0 0.129 0.41010937500000005 0.06496874999999999 0.074265625
0 0.267015625 0.396984375 0.057171875000000004 0.0505
0 0.987078125 0.29603125 0.02584375 0.028749999999999998
0 0.757625 0.26984375 0.030609375 0.036375000000000005
5 0.6853281250000001 0.356203125 0.18571875 0.08996875