0 0.258109375 0.5635625 0.266203125 0.25790625
0 0.526046875 0.4333125 0.114578125 0.171015625
0 0.19734374999999998 0.376578125 0.10301562500000001 0.09921875
0 0.897859375 0.32795312499999996 0.070015625 0.140875
0 0.545421875 0.303359375 0.087390625 0.10901562499999999
0 0.393515625 0.32709375 0.09259375 0.11482812499999999
0 0.776046875 0.25125000000000003 0.09375 0.08121874999999999
0 0.9748281249999999 0.280484375 0.05034375 0.08065625
1 0.041953125 0.463984375 0.0804375 0.21154687499999997
1 0.047171875 0.301625 0.09085937499999999 0.126390625
0 0.714703125 0.266890625 0.06828125 0.07079687500000001