6 0.369796875 0.577453125 0.28125 0.36209375
1 0.65190625 0.43215624999999996 0.14409375000000005 0.17564062499999994
1 0.9328749999999999 0.401765625 0.09953125000000007 0.18084375000000003
1 0.028125 0.45 0.05625 0.190625
1 0.559609375 0.32071875 0.15162499999999995 0.14376562499999998
1 0.871234375 0.295828125 0.0873906250000001 0.087015625
1 0.19792187499999994 0.232734375 0.0555625 0.05804687499999996
1 0.29803125 0.253859375 0.11226562500000004 0.08295312499999996
0 0.41521875 0.279046875 0.10359374999999997 0.08817187500000001
0 0.7482656249999999 0.2709375 0.05903124999999996 0.05806250000000004
0 0.65625 0.321296875 0.07639062499999998 0.09629687499999999
0 0.82725 0.27440625 0.05034375000000004 0.07196875
0 0.956890625 0.28771874999999997 0.0688593749999999 0.08470312499999996
0 0.34809375 0.26196875 0.0711875 0.078328125
0 0.12962500000000005 0.252984375 0.074078125 0.06384375000000002
0 0.08796874999999993 0.23996875 0.05323437499999999 0.04821875000000002
0 0.473375 0.246625 0.039359375000000085 0.05110937499999997
0 0.12904687500000006 0.3901875 0.082171875 0.15073437499999995