1 0.642484375 0.497546875 0.06626562499999995 0.08098437500000007
1 0.31209375 0.432125 0.05906250000000002 0.07498437500000002
1 0.073296875 0.411140625 0.052796874999999986 0.07221875000000004
0 0.910765625 0.523734375 0.07671874999999986 0.08650000000000002
0 0.8321875000000001 0.399328125 0.0471562500000001 0.06425
1 0.430265625 0.339125 0.04576562499999994 0.06360937499999997
0 0.133421875 0.28146875 0.02721874999999998 0.03682812499999999
0 0.919796875 0.26571875 0.02184375000000003 0.02357812499999996
0 0.83671875 0.2650625 0.02495312500000004 0.022265625
0 0.6489375 0.287328125 0.021812500000000058 0.030343750000000023
0 0.584828125 0.29190625 0.02117187499999993 0.02907812500000002