1 0.045140625000000004 0.45559374999999996 0.069453125 0.08245312499999997
1 0.09578125 0.349953125 0.067703125 0.048249999999999994
1 0.9641093749999999 0.28135937499999997 0.03240625000000001 0.046499999999999986
1 0.97890625 0.3859375 0.0421875 0.121875
0 0.8298593750000001 0.393375 0.05787499999999994 0.060999999999999985
0 0.8457812499999999 0.314921875 0.08390625000000007 0.09050000000000002
0 0.2523125 0.38875000000000004 0.0555625 0.049406250000000006
0 0.181421875 0.448640625 0.08159374999999999 0.08707812500000003
0 0.412609375 0.39451562500000004 0.08217187500000005 0.12121875000000001
0 0.35562499999999997 0.402625 0.05034374999999995 0.06793750000000003
0 0.563078125 0.393953125 0.07523437499999996 0.050562500000000024
2 0.7502968750000001 0.38323437499999996 0.17071875000000009 0.17851562499999996
5 0.50578125 0.380359375 0.05325000000000006 0.04996875000000003