1 0.590078125 0.465921875 0.07229687500000001 0.1044375
1 0.06515625 0.408609375 0.07714062499999999 0.08825
1 0.315171875 0.4265 0.07715625000000001 0.09275
1 0.957828125 0.459859375 0.08434375 0.11417187499999999
1 0.8297812499999999 0.40462499999999996 0.079828125 0.0943125
1 0.43028125 0.36509375 0.060484375 0.08089062500000001
1 0.125203125 0.281546875 0.026890625 0.048171874999999996
0 0.025437500000000002 0.321515625 0.050859375 0.037484375
0 0.165484375 0.281609375 0.03559375 0.02953125
0 0.281734375 0.27709375 0.038171875 0.036140624999999996
0 0.343984375 0.30778125 0.05509375 0.050640624999999995
0 0.49226562500000004 0.278953125 0.04071875 0.03675
0 0.657390625 0.286234375 0.03503125 0.029406250000000002
0 0.58515625 0.285515625 0.039015625 0.038906249999999996
0 0.53471875 0.24626562500000002 0.029953125000000004 0.030734375
0 0.707359375 0.251375 0.03028125 0.0315625
0 0.8561406249999999 0.25792187499999997 0.03565625 0.032171875
0 0.8173281250000001 0.24851562500000002 0.029906250000000002 0.022734375
0 0.9181874999999999 0.257140625 0.042562499999999996 0.035296875
0 0.75196875 0.274625 0.035140624999999995 0.02809375