2 0.596 0.547625 0.175203125 0.17803125000000009
0 0.496390625 0.919140625 0.14784375 0.16171875
0 0.24270312499999996 0.555625 0.09662500000000003 0.10267187500000005
1 0.39659374999999997 0.528875 0.07009375000000002 0.09995312500000005
0 0.11068750000000005 0.458984375 0.06379687499999999 0.09296875
4 0.688953125 0.4738125 0.12990624999999997 0.12264062500000002
0 0.9774062499999999 0.419546875 0.0412968750000001 0.053156249999999974
0 0.8602187499999999 0.4560625 0.056890625000000125 0.05196874999999999
0 0.4676875 0.3949375 0.03729687500000001 0.05864062499999996
1 0.58075 0.396890625 0.04160937499999999 0.05473437499999996
1 0.8229218749999999 0.40803124999999996 0.04165625000000013 0.05745312499999997