1 0.314734375 0.42689062499999997 0.07935937500000004 0.08693749999999997
1 0.874875 0.48059375 0.09498437499999994 0.10354687499999997
0 0.6475625 0.494296875 0.09351562500000003 0.07835937499999997
1 0.452125 0.333578125 0.05604687500000001 0.07614062500000003
0 0.018859375 0.31678125 0.03770312499999999 0.053953124999999956
0 0.0938125 0.305 0.03484374999999999 0.04006249999999998
1 0.341203125 0.301453125 0.05021874999999998 0.05332812499999999
0 0.16734374999999999 0.29278125 0.03929687500000001 0.031015625000000036
0 0.272 0.29240625 0.03707812500000003 0.03918749999999997
0 0.58921875 0.290671875 0.035093750000000055 0.03471874999999995
0 0.65959375 0.2821875 0.02901562500000008 0.036093750000000036
0 0.62871875 0.262953125 0.028515625 0.03659375000000002
0 0.72415625 0.27584375 0.033859374999999935 0.03335937500000004
0 0.9157968750000001 0.2665 0.03275000000000006 0.038437500000000034
0 0.8265781249999999 0.26692187500000003 0.03459375000000016 0.04029687500000003