1 0.932421875 0.40881249999999997 0.07712499999999985 0.08079687500000006
1 0.6857656249999999 0.41612499999999997 0.08157812500000006 0.11171875
1 0.571375 0.334828125 0.06260937500000008 0.07365624999999998
5 0.3588125 0.48650000000000004 0.0765625 0.10290625000000002
1 0.0328125 0.43828125 0.065625 0.1453125
0 0.15485937500000002 0.42517187500000003 0.07712499999999985 0.06484375
0 0.8604375000000001 0.285484375 0.0376093749999999 0.04151562499999999
0 0.92684375 0.306421875 0.045874999999999846 0.04118750000000002
1 0.6588125 0.30525 0.0475468750000001 0.05290625000000002
0 0.729515625 0.28828125 0.03671875 0.03214062499999999
0 0.60803125 0.275890625 0.04084374999999998 0.04173437499999997
0 0.32415625 0.27717187499999996 0.03470312500000006 0.03270312500000001
1 0.380796875 0.256359375 0.03459374999999998 0.03548437499999997
0 0.43253125 0.26959374999999997 0.027796874999999943 0.025562500000000023
0 0.458421875 0.24889062499999998 0.030921874999999942 0.03660937500000001
0 0.243921875 0.2686875 0.03448437500000008 0.02578125
5 0.17376562500000006 0.2661875 0.05579687500000006 0.05021874999999998
5 0.08860937500000006 0.250328125 0.0546875 0.06139062500000003