1 0.03834374999999994 0.450609375 0.07667187499999999 0.10546875
1 0.364671875 0.45982812500000003 0.08448437500000003 0.10959374999999998
1 0.70803125 0.432421875 0.07567187499999992 0.09407812500000001
1 0.53621875 0.33884375 0.06573437500000008 0.089953125
5 0.15123437499999995 0.397875 0.1171875 0.1484375
0 0.900390625 0.28917187499999997 0.03782812500000006 0.046875
0 0.659546875 0.31243750000000003 0.054359374999999946 0.05792187499999999
0 0.84196875 0.292296875 0.0337031249999999 0.02834374999999998
0 0.726890625 0.293296875 0.039953125000000075 0.030796874999999967
0 0.351171875 0.286328125 0.031140625000000012 0.04251562499999997
0 0.416734375 0.29275 0.04396874999999998 0.03504687500000001
0 0.459375 0.252171875 0.034375 0.03650000000000002
1 0.18035937499999993 0.23700000000000002 0.03660937500000001 0.031140625000000012
0 0.08654687499999998 0.26746875000000003 0.033140625000000014 0.03739062500000001