1 0.049484375000000004 0.451171875 0.0859375 0.11589062499999998
0 0.21354687499999997 0.412765625 0.06770312499999998 0.09114062500000002
0 0.31640625 0.396484375 0.057296875000000025 0.07160937500000002
0 0.486328125 0.3658906249999999 0.055984375000000065 0.07812499999999996
1 0.5826875 0.35285937500000003 0.055984375000000065 0.0703125
1 0.678390625 0.33332812500000003 0.041671874999999935 0.059890624999999975
0 0.8489531250000001 0.3815156249999999 0.057296875000000115 0.07812499999999996
1 0.96875 0.419921875 0.0625 0.09765625
0 0.7916718750000001 0.32487499999999997 0.04687500000000009 0.05859375
1 0.978515625 0.26887500000000003 0.03515625 0.048171874999999975
0 0.0735625 0.35221874999999997 0.040359374999999996 0.055984374999999975