1 0.388671875 0.4609375 0.08464062499999998 0.1015625
0 0.53059375 0.34700000000000003 0.06640625 0.08984375
0 0.19270312500000006 0.425125 0.08073437500000002 0.07942187500000002
1 0.033203125 0.43684375 0.06640625 0.13410937500000003
1 0.7760468749999999 0.446609375 0.08073437500000002 0.1015625
0 0.96875 0.46484375 0.0625 0.0859375
1 0.9055937500000001 0.33203125 0.05078125 0.0703125
0 0.97265625 0.32942187500000003 0.049484375000000115 0.046875
0 0.8639374999999999 0.28190624999999997 0.03515625 0.037765625000000025
0 0.6770781250000001 0.34049999999999997 0.0546875 0.048171874999999975
0 0.6334687499999999 0.29296875 0.032546875000000065 0.036453124999999975
2 0.7200468750000001 0.27214062499999997 0.11198437499999994 0.08854687500000002
0 0.34765625 0.28254687500000003 0.0390625 0.046875
0 0.41340625 0.29296875 0.03515625 0.03125
0 0.55078125 0.20182812499999997 0.026046874999999935 0.03125
0 0.06770312500000006 0.24479687499999997 0.028640624999999996 0.036453124999999975
0 0.17578125 0.26692187500000003 0.033859375000000025 0.033859375000000025
0 0.260421875 0.26628124999999997 0.03125 0.037765625000000025