0 0.374125 0.46457812499999995 0.13368750000000001 0.212703125
0 0.6545156249999999 0.79134375 0.232640625 0.36971875
0 0.045421875 0.57021875 0.0735 0.25384375000000003
0 0.13773437500000002 0.3901875 0.09490625 0.164625
0 0.5381875 0.282515625 0.083328125 0.1506875
0 0.04340625 0.3415625 0.072921875 0.164609375
0 0.279515625 0.23735937499999998 0.06596874999999999 0.08815625
0 0.167828125 0.25646874999999997 0.0648125 0.0846875
0 0.195609375 0.23215625 0.078703125 0.105515625
0 0.346640625 0.266890625 0.10995312500000001 0.1333125
0 0.476265625 0.250671875 0.05671875 0.093953125
0 0.6374375 0.53171875 0.188078125 0.19421875