2 0.404 0.547625 0.175203125 0.17803125
0 0.503609375 0.919140625 0.14784375 0.16171875
0 0.757296875 0.555625 0.096625 0.102671875
1 0.60340625 0.528875 0.07009375 0.099953125
0 0.8893125 0.458984375 0.063796875 0.09296875
3 0.311046875 0.4738125 0.12990625 0.12264062499999999
0 0.022593750000000003 0.419546875 0.041296875 0.05315625
0 0.13978125 0.4560625 0.05689062499999999 0.051968749999999994
0 0.5323125 0.3949375 0.037296875 0.058640625
1 0.41925 0.396890625 0.041609375 0.054734375
1 0.177078125 0.40803124999999996 0.04165625 0.05745312500000001