1 0.140625 0.38515625 0.053125 0.1109375
1 0.065625 0.40859375 0.046875 0.0890625
0 0.7359375 0.43046875 0.040625 0.1109375
1 0.80703125 0.43984375 0.034375 0.0984375
1 0.4703125 0.44375 0.0203125 0.053125
0 0.24765625 0.44375 0.025 0.065625
1 0.55546875 0.44453125 0.015625 0.0390625
0 0.63984375 0.4453125 0.0390625 0.10625
0 0.4 0.4546875 0.034375 0.084375
0 0.9125 0.4578125 0.0234375 0.0546875
0 0.98203125 0.4625 0.0359375 0.096875
0 0.33359375 0.47109375 0.04375 0.109375
1 0.59375 0.47421875 0.0265625 0.0609375
0 0.27734375 0.48671875 0.0265625 0.0734375