1 0.100390625 0.4751875 0.08471875000000004 0.11576562500000005
1 0.39392187500000003 0.44628125 0.07882812500000007 0.08917187500000008
1 0.691046875 0.423796875 0.07385937499999998 0.09659375000000008
0 0.647875 0.308734375 0.05021874999999998 0.05479687499999999
0 0.886515625 0.281921875 0.0412968750000001 0.05489062499999999
0 0.727234375 0.29118750000000004 0.03865625000000002 0.03125
0 0.346234375 0.28775 0.028312500000000008 0.036328125
0 0.41284375000000006 0.289203125 0.04240624999999998 0.04048437500000004
0 0.46509375000000003 0.25415625 0.029625000000000058 0.034296874999999984
0 0.28139062499999995 0.278359375 0.03175000000000008 0.03054687500000002
0 0.16871875000000003 0.26765625000000004 0.028609374999999916 0.02273437500000002
0 0.08314062500000005 0.266890625 0.03479687499999997 0.03174999999999999