1 0.44328124999999996 0.376578125 0.11573437499999999 0.18256250000000002
1 0.071765625 0.46832812500000004 0.101859375 0.23065625
1 0.7008125 0.31637499999999996 0.089125 0.131609375
1 0.9513906249999999 0.4214375 0.09721874999999999 0.1438125
1 0.9661406250000001 0.23853125 0.067703125 0.125203125
0 0.8020781250000001 0.30653125000000003 0.0694375 0.10496875000000001
0 0.90278125 0.380625 0.0625 0.114265625
0 0.56365625 0.36846875 0.09259375 0.11773437499999999
0 0.19618750000000001 0.439390625 0.114578125 0.151921875
0 0.274890625 0.3815 0.11921875 0.126421875
0 0.09490625 0.34503125 0.175921875 0.10904687500000002
0 0.840859375 0.294390625 0.05671875 0.12232812500000001