1 0.647375 0.5020156250000001 0.0849375 0.097546875
0 0.9631718749999999 0.555359375 0.07365625 0.087953125
1 0.30915625 0.427734375 0.07365625 0.093640625
1 0.457703125 0.329234375 0.05959375 0.08571875
1 0.018859375 0.302734375 0.03615625 0.054125
0 0.13973437500000002 0.285546875 0.031703125 0.042749999999999996
0 0.339125 0.30670312499999997 0.05525 0.049546875000000004
0 0.270765625 0.29821875000000003 0.037046875 0.028125
0 0.5820937500000001 0.29346875 0.03515625 0.033375
0 0.644859375 0.28828125 0.030796875 0.03728125
0 0.52975 0.2515 0.024671875 0.030921874999999998
0 0.79375 0.247984375 0.030140624999999997 0.024328125
0 0.86953125 0.26171875 0.029234375 0.02790625
5 0.91634375 0.26165625000000003 0.037828125000000004 0.032484374999999996
0 0.80575 0.413 0.070421875 0.073765625