1 0.06593750000000001 0.419296875 0.10278125 0.11653125
2 0.368421875 0.46240625 0.277390625 0.2856875
0 0.23756249999999998 0.40590624999999997 0.10006250000000001 0.075890625
0 0.15135937500000002 0.435265625 0.0464375 0.08060937500000001
1 0.59209375 0.35135937500000003 0.067640625 0.06592187499999999
5 0.506234375 0.3620625 0.09365625 0.084203125
5 0.6930625 0.35539062499999996 0.08484375 0.089609375
0 0.833375 0.377765625 0.076078125 0.076328125
1 0.9624062500000001 0.2895 0.049765625 0.052015624999999996
0 0.8508281249999999 0.297796875 0.05159375000000001 0.03021875
0 0.784125 0.34903125 0.05165625 0.049234375000000004