0 0.773609375 0.45503125000000005 0.059531249999999945 0.07653125000000002
2 0.94609375 0.50546875 0.1078125 0.2984375
0 0.915 0.31025 0.02674999999999983 0.03451562499999996
0 0.447171875 0.46153125 0.04834375000000009 0.07143750000000004
1 0.04017187500000006 0.47403125 0.073265625 0.09906249999999997
0 0.195890625 0.435953125 0.06912500000000002 0.05415624999999995
0 0.636953125 0.29584375 0.025546875000000035 0.03174999999999999
0 0.8385781250000001 0.29190625 0.026156250000000013 0.02907812500000002
0 0.542875 0.299109375 0.025874999999999915 0.027859374999999974
0 0.354328125 0.288640625 0.020468750000000036 0.03035937500000001
0 0.41974999999999996 0.297140625 0.025062499999999942 0.029140624999999965