1 0.629046875 0.474984375 0.06828125000000007 0.08070312499999996
1 0.9733750000000001 0.42578125 0.0532343749999999 0.12818749999999998
1 0.29426562500000003 0.428390625 0.06885937499999999 0.08821875000000001
1 0.467015625 0.34271875 0.06134374999999999 0.07660937500000005
1 0.02315625 0.396265625 0.046296874999999994 0.11540625000000002
1 0.8217656249999999 0.23678125 0.03240625000000001 0.03142187500000002
0 0.133671875 0.27903125 0.035890624999999995 0.04417187499999997
0 0.339125 0.3140625 0.048609375000000024 0.04360937500000004
0 0.2725625 0.29234375 0.03587499999999997 0.03143750000000001
0 0.54803125 0.25906250000000003 0.045140624999999976 0.03317187500000003
0 0.588546875 0.29118750000000004 0.04281249999999996 0.026796874999999963
0 0.651625 0.283671875 0.043984374999999964 0.04185937500000003
0 0.7008125 0.25587499999999996 0.04051562499999992 0.03953125000000002
0 0.911734375 0.26571875 0.02835937500000014 0.03373437499999996
0 0.741890625 0.25790625 0.05323437500000008 0.06328125
0 0.58940625 0.40146875 0.09895312500000006 0.10732812499999995
0 0.8535937499999999 0.430125 0.07985937499999984 0.06390624999999997