1 0.65075 0.411015625 0.10359375 0.136859375
1 0.322625 0.41304687500000004 0.120953125 0.15132812499999998
1 0.066265625 0.4058125 0.11515625 0.20284375
1 0.950234375 0.43562500000000004 0.08101562500000001 0.120078125
1 0.48784375 0.35545312500000004 0.12846875 0.1715625
1 0.61140625 0.238234375 0.066546875 0.0516875
0 0.9123281249999999 0.378609375 0.0711875 0.12757812500000001
0 0.173328125 0.284828125 0.07928125 0.09281249999999999
0 0.350984375 0.327671875 0.10821875 0.12987500000000002
0 0.271125 0.26109375 0.05265625 0.093953125
0 0.4485 0.269484375 0.077546875 0.06559374999999999
0 0.5251718750000001 0.25125000000000003 0.0538125 0.053437500000000006
0 0.66059375 0.274984375 0.08159374999999999 0.073125
0 0.8663125 0.249515625 0.0381875 0.077734375
0 0.911171875 0.24546874999999999 0.08275 0.069640625
0 0.09085937499999999 0.2865625 0.06365625 0.0685
0 0.76446875 0.270640625 0.05671875 0.06790625
0 0.69965625 0.24489062499999997 0.045140625000000004 0.054578125
2 0.81596875 0.222609375 0.048609374999999996 0.069046875