2 0.9039375 0.4810625 0.19212500000000005 0.19360937499999994
0 0.62846875 0.40406250000000005 0.06943750000000008 0.10212500000000002
0 0.675359375 0.40551562499999994 0.04050000000000011 0.04826562499999998
0 0.155671875 0.38670312500000004 0.06828125000000007 0.06273437499999997
0 0.514171875 0.384390625 0.0862343749999999 0.11831250000000004
0 0.793984375 0.42781250000000004 0.057859374999999956 0.05232812500000002
0 0.918109375 0.345609375 0.06307812500000018 0.054624999999999965
0 0.48726562500000004 0.338078125 0.06712500000000006 0.08820312499999998
0 0.24190625 0.3485 0.05092187500000005 0.06735937500000003
0 0.12703124999999993 0.2993125 0.04340624999999996 0.03607812499999996
2 0.026046874999999935 0.32014062499999996 0.052078124999999885 0.128703125