1 0.6127343749999999 0.45434374999999994 0.07145312500000003 0.07529687500000008
1 0.22478125000000002 0.447734375 0.07137500000000001 0.07007812500000003
1 0.461 0.326671875 0.051999999999999956 0.059562500000000004
0 0.025312499999999998 0.31028125 0.03534374999999999 0.047609374999999954
1 0.9519375 0.449125 0.05748437499999994 0.08571875000000002
0 0.84628125 0.4385625 0.07570312500000007 0.04632812499999996
0 0.6527499999999999 0.289953125 0.025265624999999937 0.032984375000000024
0 0.382546875 0.284078125 0.026609375000000046 0.03423437500000004
0 0.334765625 0.32401562500000003 0.03360937499999998 0.043828125000000016
0 0.9216562500000001 0.2703125 0.018703125000000043 0.02754687499999999
0 0.09090625 0.3056875 0.033343750000000005 0.03839062499999999