1 0.078125 0.45385937500000006 0.15625 0.201703125
1 0.9670156249999999 0.441703125 0.06596874999999999 0.19128125
1 0.51678125 0.3838125 0.07523437499999999 0.131046875
1 0.98525 0.258484375 0.029515625 0.071375
0 0.09085937499999999 0.3461875 0.0914375 0.083578125
0 0.195015625 0.417390625 0.0914375 0.13570312499999998
0 0.27604687499999997 0.4176875 0.107640625 0.174484375
0 0.56596875 0.3618125 0.09028125000000001 0.094
0 0.807 0.3131875 0.08275 0.10092187500000001
0 0.916375 0.354875 0.07234375 0.10789062499999999
0 0.8697968749999999 0.2966875 0.052078124999999996 0.071390625
5 0.70196875 0.316078125 0.098375 0.085875