0 0.21740624999999997 0.760046875 0.21160937500000002 0.125
0 0.38678124999999997 0.5323125 0.09296875 0.10390625
0 0.501390625 0.47471874999999997 0.087390625 0.077125
0 0.27209374999999997 0.403625 0.075 0.05703125
0 0.38689062500000004 0.37371875 0.06775 0.050328125
0 0.5920156249999999 0.27478125000000003 0.04140625 0.044421875
0 0.67265625 0.30993750000000003 0.05759375 0.05290625
0 0.742796875 0.284484375 0.038734375 0.043078125
0 0.823328125 0.32471875 0.061828125 0.063734375
0 0.8805781250000001 0.26696875000000003 0.046875 0.025671875
0 0.97159375 0.298375 0.042749999999999996 0.041859375