0 0.25203125000000004 0.47209375 0.20196874999999997 0.24165625
0 0.4600625 0.450375 0.12846875 0.104453125
0 0.52690625 0.3626875 0.098953125 0.11309374999999999
0 0.8773125 0.33981249999999996 0.046296875 0.084734375
0 0.8915 0.272671875 0.092015625 0.137953125
0 0.125578125 0.381203125 0.105328125 0.10848437500000001
0 0.3726875 0.331140625 0.113421875 0.1368125
0 0.9713593749999999 0.305671875 0.057296875000000004 0.176171875
2 0.539359375 0.30740625 0.16203125000000002 0.16575
5 0.70746875 0.387 0.203125 0.15478125
1 0.035875000000000004 0.419125 0.071765625 0.187796875
1 0.697921875 0.25993750000000004 0.0694375 0.11246875