0 0.394390625 0.37426562500000005 0.10475000000000004 0.11542187500000005
1 0.068578125 0.4755625 0.11284374999999999 0.17218750000000002
1 0.96875 0.41017187499999996 0.0625 0.08532812500000002
1 0.9577500000000001 0.29178125 0.07523437500000014 0.11364062500000002
0 0.5763906249999999 0.377734375 0.057859374999999956 0.07837499999999994
0 0.084203125 0.3571875 0.109375 0.105578125
0 0.874421875 0.288875 0.06828125000000007 0.10785937499999995
0 0.8263906249999999 0.38293750000000004 0.07639062500000007 0.058687500000000004
0 0.672453125 0.37165625 0.12268749999999998 0.14840625000000002
0 0.809609375 0.314359375 0.06365625000000001 0.11018749999999997
1 0.31856249999999997 0.40234375 0.059609374999999964 0.098640625
5 0.196765625 0.43881249999999994 0.11573437499999999 0.15770312499999997