0 0.66334375 0.727453125 0.24342187499999998 0.3334375
0 0.057421875 0.5618125 0.11485937500000001 0.28381249999999997
0 0.658390625 0.5022968750000001 0.16607812500000002 0.20049999999999998
0 0.364890625 0.448734375 0.134453125 0.2361875
0 0.13582812500000002 0.38725 0.10873437500000001 0.1290625
0 0.049562499999999995 0.36046875 0.09489062499999999 0.13103125
0 0.49874999999999997 0.41403125 0.128453125 0.16278125000000002
0 0.54634375 0.2870625 0.076875 0.13896875
0 0.38175 0.30789062500000003 0.07296875 0.097296875
0 0.187390625 0.24342187499999998 0.06509374999999999 0.127046875
0 0.2935 0.24640625 0.071 0.101265625
0 0.48090625 0.26028125 0.053093749999999995 0.08935937499999999