5 0.6032656249999999 0.46256250000000004 0.0763125 0.11673437499999999
1 0.889234375 0.46384375 0.0671875 0.10101562500000001
1 0.23359375 0.438953125 0.05828124999999999 0.07978125
1 0.40368750000000003 0.33265625 0.0389375 0.07390624999999999
1 0.11576562500000001 0.309078125 0.033578125 0.044765624999999996
0 0.03925 0.3005625 0.036734375 0.027578125
0 0.335609375 0.30715625 0.038328125000000005 0.048593750000000005
1 0.189046875 0.26189062500000004 0.029046875 0.036515625
0 0.26559374999999996 0.293984375 0.028468749999999998 0.0275625
5 0.9336874999999999 0.268515625 0.08609375 0.091671875
0 0.872046875 0.257328125 0.022671875 0.032453125
0 0.64371875 0.282859375 0.024375 0.034046875
0 0.584875 0.288125 0.028968749999999998 0.026109375
0 0.471703125 0.295328125 0.026515624999999998 0.03540625
1 0.38073437499999996 0.271703125 0.021703125 0.03003125
0 0.5253281249999999 0.24684374999999997 0.021843750000000002 0.029734375
1 0.801390625 0.23965625 0.024609375 0.025687500000000002
0 0.761546875 0.267765625 0.02275 0.032640625
0 0.68165625 0.2704375 0.02475 0.032578125