0 0.16724999999999995 0.401765625 0.116890625 0.25725
0 0.49884375 0.456171875 0.16203125000000007 0.11603124999999999
0 0.891203125 0.40812499999999996 0.14120312500000018 0.12412499999999996
0 0.591140625 0.301921875 0.11284375000000005 0.17906249999999996
0 0.43865625 0.395390625 0.10879687499999999 0.16115624999999997
0 0.711234375 0.370203125 0.10532812499999995 0.12120312500000004
0 0.45515625000000004 0.281640625 0.14178125000000003 0.06907812499999996
0 0.28009375 0.259359375 0.06481250000000002 0.11131250000000001
0 0.01328125 0.28515625 0.0265625 0.0953125
2 0.9774375 0.409578125 0.03125 0.23467187500000003
1 0.7893593749999999 0.5722343750000001 0.3449062499999999 0.17107812500000003
1 0.242484375 0.224921875 0.08448437499999999 0.08062500000000002