2 0.151046875 0.479328125 0.22568749999999999 0.224875
0 0.9600625 0.457625 0.079859375 0.268265625
0 0.388890625 0.397125 0.09028125000000001 0.116015625
0 0.478015625 0.394234375 0.12268749999999999 0.16578125
0 0.29803125 0.372234375 0.082171875 0.06621875
0 0.7361093750000001 0.346765625 0.15971875 0.133359375
0 0.871234375 0.367609375 0.10010937499999999 0.0916875
0 0.844328125 0.3131875 0.0914375 0.11481250000000001
0 0.903359375 0.288015625 0.084484375 0.12348437500000001
0 0.059609375 0.36153124999999997 0.112265625 0.096890625
0 0.5451406249999999 0.337796875 0.09028125000000001 0.084140625