0 0.11864062500000001 0.629859375 0.11462500000000002 0.171671875
1 0.29903124999999997 0.480875 0.06678125000000001 0.1143437500000001
0 0.48039062499999996 0.49524999999999997 0.05648437499999996 0.06979687499999994
0 0.5372343749999999 0.40875000000000006 0.05060937499999998 0.06649999999999996
0 0.898953125 0.33664062499999997 0.0372187499999999 0.044906250000000016
0 0.713796875 0.28746875 0.028843750000000057 0.03534375000000001
0 0.55021875 0.28684375 0.029906249999999978 0.03921875000000004
0 0.37496874999999996 0.34003125 0.04643749999999995 0.056546874999999996
1 0.0405625 0.31175 0.044625000000000005 0.05782812499999999
0 0.129 0.41010937500000005 0.06496874999999999 0.07426562499999996
0 0.267015625 0.396984375 0.05717187500000005 0.05050000000000003
0 0.987078125 0.29603125 0.025843749999999943 0.028749999999999963
0 0.757625 0.26984375 0.03060937500000005 0.036374999999999956
5 0.6853281250000001 0.356203125 0.18571875000000002 0.08996874999999997