5 0.876828125 0.45992187500000004 0.16325000000000003 0.29854687499999993
2 0.5021093750000001 0.489859375 0.13207812499999996 0.23670312500000001
0 0.80625 0.6131875 0.08156250000000007 0.14476562499999995
0 0.7150624999999999 0.37753125 0.09498437499999994 0.12482812499999998
6 0.11204687500000006 0.33201562500000004 0.2028125 0.170328125
5 0.6275000000000001 0.32210937500000003 0.09795312500000009 0.10896875000000002
5 0.43804687500000006 0.27659375 0.07915624999999996 0.10103125000000004
0 0.95646875 0.334234375 0.08706250000000004 0.17181249999999998
1 0.4484375 0.385203125 0.11773437500000003 0.11939062500000004
1 0.30546875 0.2785625 0.083109375 0.09312500000000004
1 0.020656250000000043 0.304546875 0.041312499999999995 0.154