1 0.070703125 0.405859375 0.07856250000000001 0.08937500000000007
1 0.283921875 0.44020312500000003 0.08259375000000002 0.09485937500000005
1 0.652515625 0.473984375 0.07237500000000008 0.10800000000000001
1 0.411703125 0.338765625 0.055031250000000045 0.07726562499999998
0 0.33340625 0.31890625 0.059671875 0.04851562500000002
0 0.845515625 0.428046875 0.07753124999999983 0.06954687499999998
0 0.1511875 0.2749375 0.04343750000000002 0.049703125
0 0.27053125 0.293828125 0.03674999999999997 0.03081250000000004
0 0.3800625 0.271734375 0.04120312500000001 0.04053125
0 0.5390625 0.250640625 0.02678124999999998 0.03271875
0 0.5820000000000001 0.2904375 0.04120312500000001 0.03639062500000003
0 0.6507031249999999 0.286625 0.026187499999999985 0.038203124999999984
0 0.749140625 0.276140625 0.03228124999999995 0.030140625000000032
0 0.887796875 0.25003125000000004 0.02557812499999983 0.033218749999999984
0 0.7933125000000001 0.24940625 0.03495312499999983 0.019062499999999982
0 0.82340625 0.27984375 0.028156249999999973 0.021890624999999986