0 0.883390625 0.42665625 0.1811406250000001 0.18201562500000001
0 0.13715624999999995 0.21478125 0.017359374999999844 0.0013124999999999608
0 0.13946874999999997 0.25993750000000004 0.03356250000000003 0.10553125000000003
0 0.882234375 0.314640625 0.07234374999999993 0.10034375000000004
0 0.801796875 0.27875 0.06654687499999987 0.09106250000000005
0 0.43518749999999995 0.28134375 0.06712500000000006 0.051125000000000045
0 0.317125 0.277015625 0.05323437500000008 0.08759375
0 0.23756250000000004 0.25993750000000004 0.04224999999999994 0.07079687500000001
0 0.059609374999999964 0.2535625 0.054390624999999915 0.05806250000000004
0 0.08739062499999992 0.23909375000000002 0.04745312499999983 0.08468749999999999
0 0.37065625 0.257328125 0.060765624999999976 0.07601562499999996
5 0.18114062499999992 0.24084374999999997 0.047453124999999916 0.08120312500000004
0 0.71990625 0.275578125 0.09490625000000001 0.12290624999999995
0 0.63165625 0.263984375 0.05265625000000007 0.07195312500000002
0 0.52546875 0.27325 0.07407812499999995 0.09743750000000002
4 0.578421875 0.346765625 0.1174843749999999 0.16807812500000008
2 0.310765625 0.443734375 0.142359375 0.19185937499999994
2 0.13251562499999991 0.440265625 0.20717187499999995 0.275203125