0 0.25203125000000004 0.47209375 0.20196874999999997 0.24165624999999996
0 0.4600625 0.450375 0.12846875000000005 0.10445312500000004
0 0.52690625 0.3626875 0.09895312500000006 0.11309374999999999
0 0.8773125 0.33981249999999996 0.04629687500000017 0.08473437500000003
0 0.8915 0.272671875 0.09201562500000016 0.13795312500000004
0 0.125578125 0.381203125 0.105328125 0.10848437500000001
0 0.3726875 0.331140625 0.11342187499999996 0.1368125
0 0.97109375 0.30546875 0.0578125 0.1765625
2 0.539359375 0.30740625 0.16203125000000007 0.16574999999999998
5 0.70746875 0.387 0.203125 0.1547812500000001
1 0.03515625 0.41875 0.0703125 0.1875
1 0.697921875 0.25993750000000004 0.0694374999999999 0.11246875000000003