1 0.7018281249999999 0.41796875 0.07292187499999994 0.1015625
1 0.533859375 0.32551562500000003 0.059890625000000065 0.08073437500000002
0 0.4140625 0.478515625 0.08332812500000002 0.10546875
1 0.896484375 0.271484375 0.037765625000000115 0.05078125
1 0.8209687499999999 0.26692187500000003 0.03515625 0.044265624999999975
0 0.654296875 0.30793750000000003 0.048171875000000065 0.053390625000000025
0 0.7272187499999999 0.28581249999999997 0.03515625 0.040359374999999975
0 0.3326875 0.27409374999999997 0.037765625000000025 0.04296875
0 0.466796875 0.24934375000000003 0.029953124999999935 0.037765625000000025
2 0.061843750000000065 0.2734375 0.09765625 0.09114062499999998
0 0.16731250000000006 0.25715625000000003 0.029953125000000025 0.040359374999999975
0 0.09895312500000006 0.502609375 0.1015625 0.10676562500000006