0 0.041671874999999935 0.490625 0.083328125 0.20924999999999994
0 0.15220312499999994 0.408703125 0.15393749999999998 0.17390624999999998
0 0.40220312500000005 0.40523437500000004 0.11226562500000004 0.11832812500000003
0 0.21470312500000005 0.24748437499999998 0.03587499999999999 0.04243750000000004
0 0.09635937499999994 0.2544375 0.06770312499999999 0.06326562500000002
0 0.8668906249999999 0.26978125 0.050921874999999873 0.07659374999999997
0 0.41521875 0.278171875 0.06885937500000003 0.062124999999999986
0 0.34578125000000004 0.283671875 0.054984374999999995 0.06965624999999998
0 0.18171874999999993 0.266296875 0.046296874999999994 0.062703125
0 0.304390625 0.25993750000000004 0.05787500000000003 0.04996875000000003
0 0.375875 0.261953125 0.036453124999999975 0.03665624999999997
0 0.4600625 0.248359375 0.07292187499999994 0.07542187499999997
0 0.7366875 0.28078125 0.06828125000000007 0.06385937500000001
0 0.9702031249999999 0.3375 0.04918750000000003 0.12176562500000002
1 0.9045156249999999 0.408703125 0.11457812499999989 0.17390624999999998
1 0.69965625 0.4035 0.11457812500000006 0.17042187499999994
1 0.317125 0.461375 0.10879687499999999 0.17507812499999997
1 0.03471875000000004 0.45096875000000003 0.0694375 0.21675000000000005