0 0.720203125 0.53896875 0.12095312499999995 0.13340625
0 0.12731250000000002 0.303921875 0.050921874999999873 0.05460937499999998
0 0.5735 0.48425 0.05903124999999996 0.10618750000000006
0 0.861390625 0.37398437500000004 0.06307812499999983 0.08125
0 0.63221875 0.33576562499999996 0.05845312499999995 0.09978125000000002
0 0.13135937500000008 0.26978125 0.038203125000000074 0.04184375000000005
2 0.421578125 0.30451562499999996 0.13251562500000008 0.12523437499999995
5 0.47424999999999995 0.40784374999999995 0.09664062500000004 0.13395312500000003
5 0.317703125 0.27671875 0.0868125000000001 0.062703125
2 0.02517187500000002 0.31262500000000004 0.05034375000000004 0.13449999999999998
2 0.26678125 0.270640625 0.04282812499999995 0.09568750000000001
2 0.96209375 0.32796875000000003 0.07234374999999993 0.18254687499999997
0 0.726859375 0.360953125 0.1018593749999999 0.11657812500000002