1 0.95646875 0.42521875 0.087046875 0.14509375
1 0.637828125 0.431359375 0.11942187500000001 0.157359375
0 0.224890625 0.43639062500000003 0.12834375 0.17634375
0 0.8074843749999999 0.39509375 0.123890625 0.147328125
0 0.41517187499999997 0.352125 0.09821875 0.11942187500000001
1 0.0625 0.337609375 0.075890625 0.094859375
0 0.3203125 0.327015625 0.078125 0.08259375
0 0.15625 0.278453125 0.05803125 0.07478125
0 0.646765625 0.280140625 0.056921875 0.069203125
0 0.576453125 0.27734375 0.063609375 0.068078125
0 0.459265625 0.279578125 0.061390625 0.05915625
0 0.8147343749999999 0.260046875 0.053578125 0.05134375
0 0.727125 0.26896875 0.052453125 0.055796875
0 0.9207656249999999 0.25725 0.055796875 0.063609375