0 0.14921875 0.3890625 0.0671875 0.1546875
0 0.04765625 0.42421875 0.0625 0.109375
0 0.24609375 0.43984375 0.0203125 0.0609375
0 0.75 0.43984375 0.040625 0.1
1 0.46953125 0.44140625 0.0171875 0.05
0 0.63515625 0.44296875 0.04375 0.0953125
1 0.55546875 0.44375 0.01875 0.040625
1 0.8203125 0.44921875 0.034375 0.0875
0 0.9171875 0.45703125 0.028125 0.05625
0 0.98125 0.4625 0.0375 0.09375
1 0.34375 0.4625 0.0359375 0.09375
0 0.4 0.46796875 0.03125 0.0796875
1 0.596875 0.47578125 0.0265625 0.0625
0 0.2765625 0.48125 0.028125 0.0703125