1 0.308921875 0.41050000000000003 0.07715625000000001 0.092015625
1 0.054625 0.44221875 0.085609375 0.11014062499999999
0 0.205078125 0.39359375 0.094484375 0.075375
5 0.571078125 0.37312500000000004 0.067078125 0.0938125
5 0.6836875 0.37084375 0.079796875 0.11425
0 0.396234375 0.4010625 0.05178125 0.062203125000000005
0 0.779671875 0.361078125 0.070234375 0.054093749999999996
0 0.8501093750000001 0.30084374999999997 0.05639062500000001 0.047703125
1 0.9219687499999999 0.332890625 0.062625 0.08209375
0 0.9780625000000001 0.30946875 0.039203125 0.046671875
5 0.489640625 0.3611875 0.079234375 0.11370312499999999