1 0.924765625 0.40639062499999995 0.1157343749999999 0.1553749999999999
1 0.674765625 0.43071875000000004 0.13657812500000013 0.2665156250000001
1 0.32146875 0.497265625 0.14525000000000005 0.18435937500000002
1 0.02890625 0.46015625 0.0578125 0.1859375
1 0.570890625 0.333171875 0.09779687500000005 0.11656249999999994
1 0.65278125 0.311453125 0.08332812499999989 0.104390625
1 0.01909375000000004 0.3039375 0.03818750000000008 0.11018749999999997
1 0.179109375 0.225203125 0.054984375000000085 0.077734375
0 0.43460937499999996 0.280484375 0.09606250000000002 0.07370312500000002
0 0.34490625 0.279046875 0.039359375000000085 0.08817187500000001
0 0.290796875 0.248359375 0.032984375000000024 0.08237500000000005
0 0.24681249999999996 0.2700625 0.05150000000000006 0.08064062500000002
0 0.07292187499999994 0.277296875 0.05556249999999992 0.08470312499999996
0 0.978125 0.3078125 0.04375 0.10625
5 0.88946875 0.288875 0.08217187499999987 0.080078125
0 0.733796875 0.284828125 0.06712500000000006 0.10670312500000004
0 0.40075000000000005 0.4214375 0.06307812500000001 0.10212500000000002
0 0.170140625 0.388453125 0.10417187500000002 0.14031249999999992
0 0.17939062499999991 0.27151562500000004 0.05787499999999994 0.05923437500000004
0 0.473953125 0.24489062499999997 0.052078125000000065 0.061531249999999996
0 0.382234375 0.260515625 0.023734375000000085 0.05806250000000004
0 0.54109375 0.289453125 0.05671874999999993 0.08817187500000001