1 0.958421875 0.46139062500000005 0.08315625 0.11517187499999999
1 0.309828125 0.419203125 0.072328125 0.10067187500000001
1 0.059828124999999996 0.41712499999999997 0.07053125 0.08225
1 0.420921875 0.337046875 0.051671875 0.08259375
1 0.843140625 0.401953125 0.08359375 0.074671875
0 0.643296875 0.45475000000000004 0.088390625 0.10390625
0 0.1448125 0.28314062500000003 0.03515625 0.0453125
0 0.31534375 0.252453125 0.038953125 0.040625
0 0.583421875 0.2885625 0.04296875 0.034484375
0 0.537 0.25290625 0.035828125 0.030578125
0 0.678734375 0.2770625 0.03203125 0.0400625
0 0.8610468750000001 0.2568125 0.03615625 0.032359375
0 0.9150625 0.258703125 0.04375 0.03459375
0 0.8155625000000001 0.251234375 0.03225 0.026109375
0 0.751390625 0.275171875 0.038953125 0.027125