2 0.131515625 0.505265625 0.26303125 0.27871875
2 0.7635156249999999 0.44290624999999995 0.21259375 0.2086875
2 0.90365625 0.4489375 0.19268749999999998 0.25979687500000004
4 0.47573437500000004 0.353125 0.17878125 0.161921875
0 0.17675000000000002 0.34578125000000004 0.032625 0.031859375
0 0.014343749999999999 0.293328125 0.02603125 0.0315
0 0.3055 0.28025 0.0275625 0.033984375
1 0.51225 0.275625 0.021687500000000002 0.03534375
0 0.6045 0.28678125 0.03440625 0.031421875
0 0.73534375 0.2763125 0.027828125 0.033937499999999995
0 0.852453125 0.2736875 0.025031249999999998 0.036578125
0 0.24465625000000002 0.29203125 0.025640625 0.036734375
0 0.41476562499999997 0.276921875 0.037828125000000004 0.051171875
0 0.670578125 0.2645 0.03903125 0.05496875