1 0.6127343749999999 0.45434374999999994 0.07145312499999999 0.075296875
1 0.22478125000000002 0.447734375 0.071375 0.070078125
1 0.461 0.326671875 0.052000000000000005 0.0595625
0 0.025312499999999998 0.31028125 0.03534375 0.047609374999999995
1 0.9519375 0.449125 0.057484375 0.08571875
0 0.84628125 0.4385625 0.07570312500000001 0.046328125
0 0.6527499999999999 0.289953125 0.025265625000000003 0.032984374999999996
0 0.382546875 0.284078125 0.026609375 0.034234375
0 0.334765625 0.32401562500000003 0.033609375000000004 0.043828125
0 0.9216562500000001 0.2703125 0.018703125 0.027546875
0 0.09090625 0.3056875 0.03334375 0.038390625