1 0.945625 0.45953125000000006 0.10209374999999987 0.10101562499999997
1 0.04121874999999999 0.42515625 0.06854687499999983 0.08817187499999993
1 0.543734375 0.354640625 0.06246875000000003 0.06728125
0 0.7017031250000001 0.45665625 0.090625 0.08346874999999994
5 0.42632812500000006 0.368515625 0.089640625 0.10823437499999997
0 0.16598437500000002 0.38571875 0.06934375000000008 0.08079687500000006
0 0.325546875 0.34684375 0.03946874999999998 0.07495312499999995
0 0.22014062499999998 0.34265625 0.041593749999999916 0.06274999999999994
1 0.02421875 0.28125 0.0484375 0.053125
0 0.14557812499999995 0.299296875 0.0518437500000001 0.03018749999999999
0 0.9287812499999999 0.35367187499999997 0.07362500000000019 0.04692187500000004
0 0.48237500000000005 0.3525625 0.03518749999999997 0.07145312500000003