1 0.9340624999999999 0.419296875 0.10278124999999996 0.11653125000000002
2 0.6315781250000001 0.46240625 0.27739062499999995 0.28568750000000004
0 0.7624375000000001 0.40590624999999997 0.10006249999999994 0.07589062500000003
0 0.848640625 0.435265625 0.04643750000000004 0.08060937500000005
1 0.40790625 0.35135937500000003 0.06764062499999998 0.06592187499999999
5 0.493765625 0.36206250000000006 0.09365625000000008 0.08420312500000002
5 0.3069375 0.35539062499999996 0.08484375000000002 0.08960937500000003
0 0.16662499999999997 0.377765625 0.076078125 0.076328125
1 0.03759374999999991 0.2895 0.049765624999999994 0.05201562500000003
0 0.14917187500000004 0.297796875 0.051593750000000015 0.03021874999999996
0 0.21587500000000004 0.34903125 0.05165625 0.04923437499999998