5 0.240734375 0.530859375 0.22453125 0.26540625
5 0.666671875 0.277296875 0.0694374999999999 0.07081249999999999
0 0.51678125 0.451546875 0.11689062499999991 0.148453125
0 0.864875 0.318984375 0.10126562499999991 0.09167187500000003
0 0.56365625 0.274984375 0.06481250000000002 0.06617187500000003
0 0.7282968750000001 0.288015625 0.09201562499999998 0.13043750000000004
0 0.9748281249999999 0.27354687499999997 0.05034375000000004 0.12232812500000004
0 0.2665 0.37107812500000004 0.06423437500000002 0.09168749999999996
0 0.36921875000000004 0.3149375 0.09953125000000003 0.146078125
0 0.38484375000000004 0.46775 0.12384374999999999 0.18087499999999998
1 0.04340625 0.4341875 0.0868125 0.1970625
1 0.049765625 0.310296875 0.07870312499999998 0.10903125000000005
0 0.886859375 0.2663125 0.08275000000000006 0.10437500000000002