0 0.12829687500000003 0.5561875 0.12421875 0.10681250000000002
5 0.32634375000000004 0.474671875 0.12946875000000002 0.14173437500000005
1 0.768140625 0.44921875 0.08806249999999985 0.09620312500000008
1 0.529296875 0.33075 0.05748437499999994 0.08693749999999997
1 0.9722031250000001 0.319984375 0.0446406249999999 0.05915625000000002
1 0.657421875 0.30853125000000003 0.0438593749999999 0.05792187499999999
0 0.85703125 0.28576562499999997 0.0404062500000002 0.04810937500000003
0 0.72578125 0.298609375 0.03860937500000006 0.02756249999999998
0 0.345140625 0.28103125 0.026671875000000077 0.03214062499999999
0 0.412390625 0.28923437500000004 0.0375 0.031140625000000012
0 0.46690624999999997 0.24748437499999998 0.03739062499999992 0.03001562499999997
5 0.07560937499999998 0.254796875 0.0545781250000001 0.06764062500000004
0 0.125 0.2578125 0.035484375000000054 0.033265625000000035
0 0.264453125 0.27209374999999997 0.028687500000000022 0.027453124999999988
5 0.19921875 0.232140625 0.05245312499999999 0.05803124999999998
0 0.37545312500000005 0.26015625 0.023890624999999943 0.031468749999999976