1 0.7473906250000001 0.569921875 0.1336874999999999 0.14556249999999996
1 0.98090625 0.44575 0.03818750000000008 0.0998125
1 0.972796875 0.284828125 0.054390624999999915 0.14142187499999997
0 0.8729687500000001 0.42521875 0.09085937500000014 0.06909375000000004
0 0.731484375 0.378015625 0.06481250000000002 0.054625000000000055
0 0.6359999999999999 0.34967187499999997 0.08910937499999996 0.05345312499999997
0 0.5812968749999999 0.49264062500000005 0.06770312500000006 0.05928124999999991
0 0.48668750000000005 0.42867187500000004 0.059015624999999974 0.05523437500000004
4 0.446765625 0.3155 0.09953125000000007 0.09165625000000004
2 0.09085937499999996 0.3580625 0.09606250000000002 0.12467187500000003
5 0.30179687499999996 0.290609375 0.04109374999999993 0.07196875
0 0.0203125 0.309375 0.040625 0.04375
0 0.25665625 0.250390625 0.059609374999999964 0.07599999999999998