0 0.1390625 0.3734375 0.0578125 0.1359375
0 0.05234375 0.41875 0.0515625 0.0875
0 0.74921875 0.434375 0.04375 0.10625
1 0.46953125 0.4421875 0.015625 0.05
1 0.55546875 0.44375 0.01875 0.04375
0 0.64453125 0.44375 0.0421875 0.1015625
0 0.24921875 0.44453125 0.0203125 0.0609375
1 0.81796875 0.45078125 0.034375 0.0828125
1 0.915625 0.4578125 0.0234375 0.0515625
0 0.984375 0.46171875 0.03125 0.1078125
0 0.34140625 0.4671875 0.0375 0.096875
0 0.403125 0.47265625 0.034375 0.0828125
0 0.59453125 0.47265625 0.025 0.071875
0 0.278125 0.4828125 0.0296875 0.0734375