0 0.333984375 0.419921875 0.08723437499999998 0.10285937500000002
1 0.9303437499999999 0.4140625 0.08723437499999989 0.08854687499999998
1 0.677734375 0.4095 0.08723437500000006 0.10546875
1 0.549484375 0.33659374999999997 0.0625 0.08464062500000002
0 0.8834687499999999 0.29035937500000003 0.04296875 0.046875
0 0.6614531250000001 0.30859375 0.052078125000000065 0.046875
0 0.720703125 0.275390625 0.040359375000000065 0.037765625000000025
0 0.416015625 0.28450000000000003 0.03254687500000002 0.04296875
0 0.33528125 0.28776562499999997 0.03515625 0.036453124999999975
5 0.06575000000000006 0.27214062499999997 0.09504687499999999 0.09375
0 0.13801562500000006 0.25390625 0.028640624999999975 0.044265624999999975
2 0.18424999999999994 0.24089062499999997 0.061203125000000025 0.078125
1 0.373046875 0.248046875 0.029953125000000025 0.04296875
1 0.293625 0.25 0.029953125000000025 0.036453124999999975
0 0.48046875 0.25846874999999997 0.033859374999999935 0.040359374999999975