0 0.36512500000000003 0.4498125 0.06875 0.094875
2 0.092578125 0.506625 0.18253124999999998 0.29704687500000004
4 0.629234375 0.5742812500000001 0.363640625 0.340703125
1 0.92975 0.5637187499999999 0.0834375 0.106546875
0 0.6555 0.18265625000000002 0.027109375 0.04234375
0 0.1144375 0.307640625 0.025718750000000002 0.037109375
0 0.037921875 0.336421875 0.039359375 0.029546875
0 0.376125 0.293234375 0.0230625 0.031718750000000004
0 0.47428125000000004 0.296484375 0.029249999999999998 0.025203125
0 0.173984375 0.291234375 0.027609375000000002 0.02253125
5 0.950046875 0.290671875 0.08495312499999999 0.057874999999999996
0 0.5678124999999999 0.264390625 0.021015625 0.018328125