1 0.921875 0.45385937500000006 0.15625 0.20170312500000004
1 0.032984375000000024 0.441703125 0.06596874999999999 0.19128124999999999
1 0.48321875 0.3838125 0.07523437499999996 0.131046875
1 0.0140625 0.2578125 0.028125 0.071875
0 0.909140625 0.3461875 0.09143749999999998 0.08357812500000002
0 0.8049843750000001 0.417390625 0.09143749999999998 0.13570312500000004
0 0.7239531250000001 0.4176875 0.10764062499999998 0.17448437499999997
0 0.43403125 0.3618125 0.09028124999999995 0.09399999999999994
0 0.19299999999999998 0.3131875 0.08274999999999999 0.10092187500000005
0 0.08362499999999998 0.354875 0.07234375000000001 0.10789062499999998
0 0.13020312500000006 0.2966875 0.052078124999999975 0.071390625
5 0.29803125 0.316078125 0.09837499999999996 0.08587499999999997