1 0.899609375 0.4751875 0.08471875000000004 0.11576562500000005
1 0.606078125 0.44628125 0.07882812500000007 0.08917187500000008
1 0.308953125 0.423796875 0.07385937499999998 0.09659375000000008
0 0.352125 0.308734375 0.05021874999999998 0.05479687499999999
0 0.113484375 0.281921875 0.04129687500000001 0.05489062499999999
0 0.272765625 0.29118750000000004 0.03865625000000002 0.03125
0 0.653765625 0.28775 0.028312500000000008 0.036328125
0 0.5871562499999999 0.289203125 0.04240624999999998 0.04048437500000004
0 0.5349062499999999 0.25415625 0.029625000000000058 0.034296874999999984
0 0.718609375 0.278359375 0.03175000000000008 0.03054687500000002
0 0.83128125 0.26765625000000004 0.028609374999999916 0.02273437500000002
0 0.9168593749999999 0.266890625 0.03479687499999997 0.03174999999999999