5 0.123171875 0.45992187500000004 0.16325 0.298546875
2 0.497890625 0.489859375 0.132078125 0.23670312500000001
0 0.19375 0.6131875 0.08156250000000001 0.144765625
0 0.2849375 0.37753125 0.094984375 0.124828125
6 0.8879531249999999 0.33201562500000004 0.2028125 0.170328125
5 0.3725 0.32210937500000003 0.097953125 0.10896874999999999
5 0.5619531249999999 0.27659375 0.07915625 0.10103124999999999
0 0.04353125 0.334234375 0.0870625 0.17181249999999998
1 0.5515625 0.385203125 0.11773437499999999 0.119390625
1 0.69453125 0.2785625 0.083109375 0.093125
1 0.97934375 0.304546875 0.0413125 0.154