0 0.871703125 0.5561875 0.12421875 0.10681250000000002
5 0.67365625 0.474671875 0.12946875000000002 0.14173437500000005
1 0.23185937499999998 0.44921875 0.08806250000000002 0.09620312500000008
1 0.470703125 0.33075 0.05748437499999994 0.08693749999999997
1 0.027796875 0.319984375 0.044640625 0.05915625000000002
1 0.342578125 0.30853125000000003 0.04385937499999999 0.05792187499999999
0 0.14296875 0.28576562499999997 0.04040625000000002 0.04810937500000003
0 0.27421875 0.298609375 0.03860937499999997 0.02756249999999998
0 0.654859375 0.28103125 0.026671875000000077 0.03214062499999999
0 0.587609375 0.28923437500000004 0.0375 0.031140625000000012
0 0.53309375 0.24748437499999998 0.03739062499999992 0.03001562499999997
5 0.924390625 0.254796875 0.0545781250000001 0.06764062500000004
0 0.875 0.2578125 0.035484375000000054 0.033265625000000035
0 0.735546875 0.27209374999999997 0.028687500000000022 0.027453124999999988
5 0.80078125 0.232140625 0.05245312499999999 0.05803124999999998
0 0.624546875 0.26015625 0.023890624999999943 0.031468749999999976