1 0.6845625 0.428796875 0.07081250000000008 0.07109375
1 0.35226562499999997 0.502140625 0.06104687499999999 0.08234375000000008
0 0.03125 0.55390625 0.0625 0.0890625
0 0.19134375000000006 0.40981249999999997 0.054781250000000004 0.06435937500000008
1 0.54140625 0.325390625 0.05010937500000008 0.067390625
1 0.86984375 0.305046875 0.028500000000000015 0.044937499999999984
0 0.7304999999999999 0.300390625 0.02854687499999997 0.020015625000000002
0 0.35171875 0.28603125 0.023109375000000033 0.03295312499999996
0 0.417109375 0.294515625 0.030312499999999964 0.02387499999999996
0 0.08478124999999999 0.26179687500000004 0.023109374999999988 0.023531250000000004
0 0.12926562500000002 0.2591875 0.022671874999999987 0.02873437499999998
0 0.4688125 0.252640625 0.023265624999999977 0.02606250000000001