1 0.63975 0.430125 0.08160937500000003 0.07781249999999998
1 0.30121875 0.42115625 0.054984374999999995 0.08417187500000001
1 0.056421874999999996 0.41507812499999996 0.070015625 0.07778124999999995
1 0.9625 0.453125 0.075 0.109375
1 0.4600625 0.340984375 0.07523437499999996 0.07545312500000004
1 0.626453125 0.248078125 0.036453125000000065 0.03200000000000003
0 0.91753125 0.41218750000000004 0.060765625000000156 0.08589062500000004
0 0.16117187500000002 0.28771874999999997 0.02951562499999998 0.03839062499999999
0 0.34171874999999996 0.309140625 0.04803125000000001 0.041875000000000016
0 0.277484375 0.28078125 0.030671874999999994 0.03373437499999996
0 0.447921875 0.282796875 0.02546874999999993 0.03664062499999998
0 0.52459375 0.26746875000000003 0.034140625000000036 0.030281249999999992
0 0.661171875 0.28309375000000003 0.031828125000000006 0.03375000000000004
0 0.8611093750000001 0.2553125 0.025453124999999945 0.04068750000000003
0 0.913484375 0.253 0.036453124999999885 0.038375000000000006
0 0.09896875000000001 0.299875 0.047453125000000006 0.041875000000000016
0 0.76446875 0.270640625 0.05671874999999993 0.06790624999999997
0 0.69965625 0.24489062499999997 0.045140624999999976 0.05457812500000001
2 0.81596875 0.222609375 0.048609374999999934 0.069046875