1 0.089984375 0.398 0.148734375 0.135109375
1 0.307 0.398859375 0.12442187499999999 0.147265625
1 0.632234375 0.477 0.149890625 0.12993749999999998
1 0.97309375 0.4324375 0.0538125 0.1658125
1 0.46875 0.33576562499999996 0.09028125000000001 0.111359375
0 0.041671875000000004 0.310296875 0.083328125 0.11596875
0 0.27921874999999996 0.2645625 0.034140625 0.045328125000000004
0 0.33854687499999997 0.3045 0.079859375 0.07660937500000001
0 0.53703125 0.23735937499999998 0.060187500000000005 0.081203125
0 0.593453125 0.28078125 0.051500000000000004 0.063859375
0 0.659140625 0.27671875 0.06828125 0.09048437499999999
0 0.743640625 0.26571875 0.042828125 0.04765625
0 0.917828125 0.25993750000000004 0.050921875000000005 0.091640625
0 0.828125 0.266015625 0.072921875 0.07253125
0 0.6319375 0.252984375 0.041671875000000004 0.049953125
1 0.8327500000000001 0.21653125 0.07523437499999999 0.081203125
5 0.154515625 0.29698437499999997 0.072921875 0.0615625
0 0.59375 0.420578125 0.0625 0.180265625
0 0.71875 0.4058125 0.125 0.119484375