0 0.22639062499999998 0.45503125000000005 0.059531250000000036 0.07653125000000002
2 0.053125 0.50546875 0.10625 0.2984375
0 0.08499999999999999 0.31025 0.026750000000000006 0.03451562499999996
0 0.552828125 0.46153125 0.04834375000000009 0.07143750000000004
1 0.9598281249999999 0.47403125 0.07326562500000015 0.09906249999999997
0 0.804109375 0.435953125 0.06912500000000002 0.05415624999999995
0 0.363046875 0.29584375 0.025546875000000035 0.03174999999999999
0 0.161421875 0.29190625 0.026156250000000013 0.02907812500000002
0 0.457125 0.299109375 0.025874999999999915 0.027859374999999974
0 0.645671875 0.288640625 0.020468750000000036 0.03035937500000001
0 0.58025 0.297140625 0.025062499999999942 0.029140624999999965