1 0.357515625 0.497546875 0.06626562499999995 0.08098437500000007
1 0.6879062499999999 0.432125 0.05906249999999993 0.07498437500000002
1 0.9267031250000001 0.411140625 0.052796874999999945 0.07221875000000004
0 0.08923437500000002 0.523734375 0.07671874999999986 0.08650000000000002
0 0.16781249999999998 0.399328125 0.0471562500000001 0.06425
1 0.569734375 0.339125 0.04576562499999994 0.06360937499999997
0 0.866578125 0.28146875 0.027218750000000114 0.03682812499999999
0 0.08020312500000007 0.26571875 0.02184375000000003 0.02357812499999996
0 0.16328125 0.2650625 0.02495312500000004 0.022265625
0 0.3510625 0.287328125 0.021812500000000058 0.030343750000000023
0 0.41517187499999997 0.29190625 0.02117187499999993 0.02907812500000002