1 0.3203125 0.4140625 0.09114062499999998 0.1171875
0 0.626296875 0.449875 0.08332812500000006 0.10807812499999998
0 0.896484375 0.515625 0.10285937499999989 0.11979687499999994
1 0.4655 0.32942187500000003 0.06901562499999994 0.0859375
1 0.115234375 0.29167187499999997 0.03776562500000001 0.0546875
0 0.27473437500000003 0.28254687500000003 0.036453124999999975 0.044265624999999975
2 0.935546875 0.275390625 0.08723437499999989 0.09245312500000002
0 0.83203125 0.26237499999999997 0.03125 0.032546874999999975
0 0.66796875 0.28190624999999997 0.036453125000000065 0.037765625000000025
0 0.587234375 0.28515625 0.036453125000000065 0.041671875000000025
0 0.630859375 0.255859375 0.02734375 0.037765625000000025