0 0.581015625 0.28309375000000003 0.05787499999999994 0.05460937499999998
0 0.65625 0.27325 0.05556249999999992 0.05575000000000001
0 0.7890625 0.25965625000000003 0.046875 0.08064062500000002
0 0.86603125 0.25240625 0.027203125000000127 0.06964062499999998
0 0.91059375 0.24142187499999998 0.03993749999999992 0.07542187499999997
0 0.79803125 0.22781250000000003 0.04745312499999983 0.07946875000000002
0 0.541375 0.24893749999999998 0.05150000000000006 0.06268750000000001
0 0.63484375 0.257625 0.04051562499999992 0.08006250000000001
0 0.173609375 0.2819375 0.0625 0.087015625
0 0.5850625 0.40059374999999997 0.0868125000000001 0.12990624999999997
0 0.8263906249999999 0.389890625 0.06943750000000008 0.13973437500000002
5 0.11284374999999999 0.29871875000000003 0.052078124999999975 0.08585937499999999
5 0.278359375 0.28714062500000004 0.05671875000000002 0.06965624999999998
1 0.030375000000000006 0.43590625000000005 0.057296875000000004 0.1727499999999999
1 0.027203124999999995 0.29698437499999997 0.054390625000000005 0.11017187499999999
1 0.320609375 0.395390625 0.10648437499999996 0.16115624999999997
1 0.658859375 0.47671875 0.10590624999999995 0.1745156250000001
1 0.94096875 0.46340624999999996 0.11806249999999992 0.21039062499999997
1 0.364296875 0.29525 0.07234375000000001 0.10670312500000004
1 0.486984375 0.318984375 0.060765624999999976 0.12639062499999998
1 0.467296875 0.28425 0.0700156250000001 0.09859375000000004