1 0.1515625 0.4078125 0.04375 0.0953125
1 0.071875 0.41328125 0.04375 0.090625
0 0.671875 0.43828125 0.025 0.0640625
1 0.55625 0.440625 0.015625 0.05
0 0.740625 0.44140625 0.0390625 0.0953125
1 0.4703125 0.44375 0.01875 0.0609375
0 0.64140625 0.44453125 0.0390625 0.1015625
1 0.9125 0.45703125 0.0234375 0.059375
0 0.39609375 0.45859375 0.0328125 0.075
0 0.98203125 0.46796875 0.0359375 0.103125
0 0.8109375 0.46875 0.034375 0.071875
0 0.3546875 0.4703125 0.0296875 0.0828125
1 0.6 0.4734375 0.025 0.0578125
0 0.27578125 0.484375 0.03125 0.071875