1 0.8515625 0.39296875 0.04375 0.08125
1 0.9359375 0.41796875 0.0359375 0.075
1 0.24765625 0.4234375 0.0328125 0.0796875
1 0.69296875 0.43984375 0.01875 0.04375
1 0.75859375 0.44296875 0.0203125 0.0515625
1 0.52890625 0.44296875 0.0171875 0.0390625
1 0.4453125 0.44375 0.015625 0.034375
1 0.334375 0.44453125 0.01875 0.040625
1 0.18828125 0.4453125 0.03125 0.0671875
1 0.36484375 0.446875 0.0328125 0.078125
0 0.5890625 0.459375 0.028125 0.065625
1 0.08515625 0.46015625 0.0203125 0.04375
0 0.015625 0.46015625 0.03125 0.08125
0 0.63359375 0.4625 0.0203125 0.0703125
1 0.4046875 0.48046875 0.025 0.0546875
4 0.7265625 0.525 0.0640625 0.190625