1 0.06171875 0.410875 0.074328125 0.09275000000000003
1 0.314953125 0.419984375 0.08326562500000004 0.11540625000000002
1 0.640125 0.42142187499999995 0.08046875 0.09396874999999998
1 0.95959375 0.46071875 0.08081250000000004 0.1203125
1 0.45653125 0.339171875 0.06037499999999998 0.07990624999999998
0 0.02215625 0.316796875 0.0443125 0.03828125
0 0.084203125 0.295984375 0.04431249999999999 0.04576562500000003
0 0.16104687499999998 0.2926875 0.04285937500000001 0.03068749999999998
0 0.27521874999999996 0.282921875 0.03660937500000001 0.028125
0 0.33728125000000003 0.308203125 0.0453125 0.05323437499999999
0 0.530796875 0.2693125 0.03526562500000008 0.04129687500000001
0 0.581859375 0.2875625 0.03760937500000008 0.03760937499999999
0 0.64325 0.28621875 0.03515625 0.03224999999999998
1 0.613453125 0.251625 0.036046875000000075 0.03917187499999999
2 0.81696875 0.23103125000000002 0.05357812499999994 0.07365624999999998
0 0.8624375000000001 0.254296875 0.0342656250000001 0.03448437499999999
5 0.9175156250000001 0.252234375 0.05579687500000006 0.06473437500000001