0 0.40335937499999996 0.41392187500000005 0.1030156250000001 0.14959375000000003
0 0.546296875 0.298421875 0.08796874999999993 0.06792187500000005
0 0.618640625 0.28628125 0.06134374999999999 0.07834374999999998
0 0.407703125 0.27556250000000004 0.0700156250000001 0.08121875000000003
0 0.3194375 0.282515625 0.05556250000000009 0.08123437500000001
0 0.177953125 0.266015625 0.06423437499999993 0.04474999999999998
0 0.08101562500000004 0.246625 0.04629687500000017 0.04417187499999997
0 0.16667187499999994 0.37889062500000004 0.09721875000000005 0.12468749999999992
0 0.016499999999999914 0.31609375 0.032984374999999844 0.13449999999999998
0 0.91753125 0.30565625 0.07118749999999992 0.06503125000000001
4 0.77690625 0.53259375 0.1649374999999999 0.33834374999999994
0 0.66840625 0.354875 0.10764062499999998 0.12871875
0 0.845203125 0.279046875 0.08390625000000007 0.08817187500000001
1 0.722796875 0.25790625 0.08217187499999987 0.04937500000000004
1 0.9317187499999999 0.37946875 0.1157343749999999 0.12584374999999995
1 0.061921874999999994 0.47093749999999995 0.11226562499999986 0.17682812499999995
1 0.18114062499999992 0.22839062499999999 0.06828125000000007 0.06673437499999997
1 0.3819375 0.248359375 0.041671874999999935 0.061531249999999996
4 0.8385468749999999 0.268625 0.07292187500000011 0.07428125000000003
4 0.2725625 0.260796875 0.052078125000000065 0.062124999999999986
4 0.459484375 0.24112499999999998 0.07407812499999995 0.07137500000000001