1 0.62384375 0.45414062499999996 0.10879687499999999 0.14323437499999997
1 0.96328125 0.459375 0.0734375 0.196875
1 0.326671875 0.43765625 0.12904687500000006 0.16928125000000005
1 0.453703125 0.32882812499999997 0.08796874999999993 0.10440624999999999
1 0.060765625000000004 0.40726562499999996 0.12153125000000001 0.22309374999999995
1 0.8229218749999999 0.22809374999999998 0.03471875000000004 0.06268750000000001
0 0.14409375 0.284828125 0.07292187500000002 0.08585937499999999
0 0.34375 0.303640625 0.09028124999999995 0.113078125
0 0.271984375 0.288296875 0.06481250000000002 0.08585937499999999
0 0.554390625 0.2654375 0.08796874999999993 0.06443750000000001
0 0.5868125 0.27556250000000004 0.0694374999999999 0.08121875000000003
0 0.6493125 0.27325 0.048609375000000024 0.062703125
0 0.691546875 0.250671875 0.0706093749999999 0.07310937500000003
0 0.9198437500000001 0.25009375 0.04456249999999997 0.06500000000000003
0 0.741890625 0.25790625 0.05323437500000008 0.06328125
0 0.58940625 0.40146875 0.09895312500000006 0.10732812499999995
0 0.8385468749999999 0.38265625000000003 0.11457812499999998 0.12179687499999999