1 0.053234375 0.431578125 0.106484375 0.15365625
1 0.40421874999999996 0.38410937500000003 0.10359375 0.114265625
1 0.093453125 0.33865625 0.11399999999999999 0.117140625
1 0.743640625 0.33084375 0.070609375 0.07025
1 0.9392343750000001 0.388453125 0.12153125000000001 0.147265625
0 0.25115625 0.36471875 0.09259375 0.14146875
0 0.344625 0.3939375 0.07465625000000001 0.1200625
0 0.8463593749999999 0.37889062500000004 0.0850625 0.11079687499999999
0 0.799484375 0.321296875 0.07465625000000001 0.117140625
5 0.554109375 0.38351562499999997 0.097796875 0.113109375
0 0.98090625 0.30451562499999996 0.0381875 0.097453125