1 0.9265000000000001 0.42926562500000004 0.1469843749999999 0.20459375000000007
1 0.586515625 0.404953125 0.10821874999999999 0.18373437500000006
1 0.01484375 0.40859375 0.0296875 0.1140625
2 0.26967187499999995 0.38931250000000006 0.13426562499999992 0.19415624999999997
0 0.15104687499999994 0.38092187499999997 0.10764062500000007 0.12526562500000002
0 0.78675 0.41478125 0.08970312500000013 0.12701562499999994
0 0.65509375 0.41709375 0.08564062499999991 0.15943749999999995
0 0.44299999999999995 0.37368750000000006 0.08970312499999995 0.12815624999999997
0 0.02109375 0.34375 0.0421875 0.08125
0 0.14496874999999995 0.303359375 0.11631250000000008 0.12292187500000003
5 0.47859375000000004 0.3635625 0.08448437500000008 0.13220312500000003
1 0.9160937499999999 0.34878125 0.07754687500000017 0.07835937499999997
1 0.046875 0.27615625 0.09375 0.14489062500000002