5 0.78125 0.561828125 0.2430624999999999 0.27526562499999996
0 0.8640000000000001 0.3838125 0.13310937500000009 0.1379999999999999
5 0.528359375 0.46428125 0.1030156250000001 0.15307812500000004
5 0.467015625 0.397703125 0.10764062499999998 0.12410937500000001
0 0.12210937499999996 0.3094375 0.08217187499999987 0.11076562499999998
4 0.43403125 0.2645625 0.0625 0.08006250000000001
5 0.62384375 0.32940625 0.09953125000000007 0.09860937500000003
5 0.749703125 0.352546875 0.08739062499999992 0.11020312499999996
1 0.66521875 0.47121874999999996 0.12442187499999999 0.19476562499999997
1 0.2890625 0.27846875 0.06423437500000002 0.09396874999999998
0 0.11921874999999993 0.25240625 0.08796874999999993 0.06964062499999998