1 0.34603124999999996 0.485765625 0.06449999999999996 0.07823437500000008
1 0.695171875 0.435015625 0.05515624999999993 0.06478125000000005
1 0.9399374999999999 0.4141875 0.043968750000000154 0.06881249999999998
0 0.8968281250000001 0.303140625 0.02870312499999983 0.032781250000000026
1 0.56425 0.336796875 0.04707812499999999 0.062890625
1 0.022203125000000056 0.45931249999999996 0.04126562499999999 0.09478124999999996
0 0.09021875000000001 0.270375 0.026437500000000013 0.021390624999999996
0 0.3465 0.288234375 0.01796875 0.02496875000000003
0 0.41831250000000003 0.296296875 0.023203125000000036 0.02081249999999999
0 0.663921875 0.31334375 0.036093750000000036 0.03289062500000002
0 0.726421875 0.296296875 0.026125000000000044 0.01910937500000003
0 0.46889062499999995 0.25634375 0.018453124999999914 0.022093749999999978