1 0.066125 0.41373437500000004 0.079125 0.0859375
1 0.31278125 0.422875 0.076453125 0.082140625
1 0.9546875 0.4811875 0.0859375 0.117078125
0 0.5786875 0.486390625 0.061828125 0.1015625
0 0.8624375000000001 0.415125 0.0849375 0.085375
0 0.150390625 0.280015625 0.039625 0.044859375
1 0.29626562500000003 0.25770312500000003 0.0369375 0.046203125
0 0.48515625 0.284203125 0.039953125 0.037828125000000004
0 0.644640625 0.293859375 0.033703125 0.034828125
0 0.58303125 0.28895312500000003 0.04375 0.039281250000000004
0 0.53621875 0.25290625 0.03359375 0.028796875
1 0.7135 0.24676562500000002 0.030140624999999997 0.035484375
0 0.8594375 0.255140625 0.0338125 0.035265625
0 0.8182499999999999 0.25206249999999997 0.03046875 0.032921875
5 0.9135 0.25340625 0.039953125 0.059703125