0 0.8453125 0.41796875 0.0484375 0.0921875
0 0.95234375 0.42578125 0.0484375 0.103125
1 0.24609375 0.4265625 0.0390625 0.09375
1 0.36484375 0.43671875 0.034375 0.0921875
1 0.44375 0.43828125 0.01875 0.04375
1 0.6921875 0.43828125 0.0234375 0.046875
1 0.3328125 0.4421875 0.0203125 0.0609375
1 0.75625 0.44453125 0.0234375 0.0640625
1 0.53046875 0.44453125 0.021875 0.0640625
1 0.19921875 0.4484375 0.040625 0.075
0 0.01875 0.45 0.0375 0.1140625
1 0.08359375 0.4578125 0.0265625 0.065625
0 0.60234375 0.4609375 0.0359375 0.0765625
1 0.65234375 0.46640625 0.0375 0.0828125
1 0.40625 0.471875 0.0265625 0.065625
0 0.7234375 0.48125 0.028125 0.0609375