0 0.616890625 0.515796875 0.12268749999999998 0.151953125
0 0.175921875 0.25965625000000003 0.09490625000000001 0.08064062500000002
0 0.025468750000000002 0.278453125 0.043984375 0.05923437500000004
0 0.59375 0.28975 0.05556249999999992 0.071390625
0 0.646984375 0.279046875 0.05787499999999994 0.08123437500000001
0 0.754625 0.273828125 0.05787499999999994 0.08470312499999996
0 0.536453125 0.250671875 0.07292187499999994 0.06617187500000003
0 0.265328125 0.2865625 0.04803125000000001 0.05460937499999998
0 0.839984375 0.4113125 0.10706249999999998 0.12006250000000004
0 0.64640625 0.3838125 0.08448437500000008 0.08243749999999998
0 0.8776093749999999 0.25096875 0.04340624999999996 0.06326562500000002
0 0.68171875 0.266890625 0.06481250000000002 0.10553125000000003
0 0.10503124999999999 0.2920625 0.026046875000000014 0.062124999999999986
1 0.13946875 0.321 0.070609375 0.09918750000000003
1 0.05034375 0.389890625 0.1006875 0.16751562499999997
1 0.304109375 0.4168125 0.11864062500000001 0.15537500000000004
1 0.97890625 0.3734375 0.0421875 0.19375
1 0.7899375 0.246921875 0.045140624999999976 0.11073437500000001
1 0.325234375 0.30334374999999997 0.12268749999999998 0.0881875
1 0.44328124999999996 0.326796875 0.09490625000000001 0.12465625000000005
0 0.5914375 0.23562500000000003 0.07176562499999992 0.07078125000000002