1 0.063375 0.43996874999999996 0.1163125 0.146125
1 0.37934375 0.36296875 0.07465625000000001 0.131046875
1 0.9499375000000001 0.27556250000000004 0.08390625 0.088171875
5 0.50578125 0.35950000000000004 0.09490625 0.0963125
0 0.568859375 0.357765625 0.082171875 0.1275625
0 0.682 0.34734375 0.0758125 0.085890625
0 0.8266718750000001 0.390171875 0.066546875 0.08821875
0 0.7907968750000001 0.298140625 0.092015625 0.09859375000000001
5 0.296296875 0.40059374999999997 0.134265625 0.12990625
5 0.20659375 0.40523437500000004 0.1006875 0.1044375
0 0.061921875 0.348796875 0.12384375 0.099203125
0 0.856484375 0.29871875000000003 0.074078125 0.09281249999999999