1 0.65075 0.411015625 0.10359374999999993 0.13685937500000006
1 0.322625 0.41304687500000004 0.12095312500000004 0.15132812500000004
1 0.066265625 0.4058125 0.11515624999999999 0.20284374999999993
1 0.950234375 0.43562500000000004 0.08101562499999986 0.12007812500000004
1 0.48784375 0.35545312500000004 0.12846875000000005 0.17156249999999998
1 0.61140625 0.238234375 0.06654687500000005 0.051687499999999977
0 0.9123281249999999 0.378609375 0.07118749999999992 0.12757812499999996
0 0.173328125 0.284828125 0.07928125000000001 0.09281249999999996
0 0.350984375 0.327671875 0.10821874999999999 0.12987500000000002
0 0.271125 0.26109375 0.05265624999999998 0.093953125
0 0.4485 0.269484375 0.07754687499999999 0.06559375000000003
0 0.5251718750000001 0.25125000000000003 0.05381250000000008 0.053437499999999985
0 0.66059375 0.274984375 0.08159375000000005 0.07312500000000002
0 0.8663125 0.249515625 0.03818750000000008 0.077734375
0 0.911171875 0.24546874999999999 0.08275000000000006 0.06964062499999998
0 0.09085937499999999 0.2865625 0.06365625 0.06849999999999996
0 0.76446875 0.270640625 0.05671874999999993 0.06790624999999997
0 0.69965625 0.24489062499999997 0.045140624999999976 0.05457812500000001
2 0.81596875 0.222609375 0.048609374999999934 0.069046875