1 0.07146875 0.45878125000000003 0.13946875 0.17334375000000005
1 0.9661406250000001 0.381203125 0.06770312499999989 0.10153124999999999
1 0.82465625 0.298140625 0.09375 0.13332812499999996
1 0.9704843750000001 0.277875 0.03818750000000008 0.07196875
0 0.087671875 0.344734375 0.088546875 0.07026562500000004
0 0.204859375 0.409859375 0.09721875000000002 0.12759374999999995
0 0.383109375 0.41332812499999994 0.13426562499999997 0.10674999999999994
0 0.574078125 0.3783125 0.11342187500000005 0.10964062499999998
0 0.8234999999999999 0.38525 0.08448437499999999 0.07490624999999995
0 0.98784375 0.31203125 0.024312499999999914 0.07776562499999998
5 0.5017343750000001 0.349953125 0.09375 0.122359375
2 0.72309375 0.387 0.13715624999999995 0.17562499999999998