1 0.13203125 0.390625 0.0453125 0.1
1 0.0625 0.42109375 0.0375 0.078125
1 0.4671875 0.4453125 0.015625 0.040625
1 0.98046875 0.4453125 0.0375 0.084375
0 0.78359375 0.446875 0.0234375 0.053125
0 0.23984375 0.4484375 0.021875 0.0484375
0 0.5578125 0.4484375 0.0140625 0.0359375
1 0.915625 0.45390625 0.0203125 0.04375
0 0.71875 0.46015625 0.034375 0.0796875
0 0.64453125 0.46328125 0.0328125 0.075
0 0.81640625 0.4640625 0.03125 0.0734375
1 0.3453125 0.4671875 0.028125 0.071875
0 0.38828125 0.4671875 0.0265625 0.0609375
1 0.60078125 0.471875 0.0234375 0.05
0 0.27421875 0.484375 0.0234375 0.059375