0 0.070890625 0.44315625000000003 0.07581249999999999 0.169859375
2 0.6006875 0.45385937500000006 0.1944374999999999 0.17392187499999995
2 0.8532968750000001 0.470078125 0.203125 0.22717187499999997
4 0.363421875 0.353140625 0.13657812500000005 0.16692187500000003
0 0.046296875 0.302203125 0.09259375 0.11365625000000001
0 0.196765625 0.28425 0.039359374999999995 0.09165625000000004
0 0.490734375 0.285984375 0.07176562499999992 0.07428125000000003
0 0.61515625 0.2874375 0.06365625000000001 0.059812500000000046
0 0.6851875 0.284828125 0.05787499999999994 0.06501562500000002
0 0.7624375 0.268625 0.0700156250000001 0.08817187500000001
0 0.87615625 0.25096875 0.03703125000000007 0.05632812500000002
0 0.9664375 0.24720312500000002 0.043984375000000145 0.12867187499999996
0 0.83940625 0.25096875 0.05034375000000004 0.07021875
5 0.451390625 0.2810625 0.07639062499999998 0.095703125
1 0.146984375 0.28859375 0.06481249999999998 0.062124999999999986
0 0.38542187499999997 0.286859375 0.0694375 0.10728125000000004
0 0.292828125 0.28135937499999997 0.085640625 0.09975000000000005
0 0.59028125 0.250671875 0.03471875000000004 0.05226562499999998