1 0.76909375 0.385265625 0.08681249999999992 0.11657812500000002
1 0.594046875 0.387578125 0.0862343749999999 0.15595312500000005
1 0.933734375 0.44923437499999996 0.12210937500000014 0.19939062500000002
0 0.892078125 0.356890625 0.12904687499999987 0.12931250000000002
0 0.495375 0.33981249999999996 0.07870312500000001 0.09167187500000003
0 0.686921875 0.382953125 0.09837500000000006 0.13973437500000002
0 0.3125 0.338375 0.08332812499999998 0.11309374999999999
5 0.424484375 0.37107812500000004 0.08506249999999996 0.11253124999999997
0 0.13310937500000009 0.32621875 0.09490625000000001 0.10267187499999997
0 0.19762500000000002 0.31290625 0.059609374999999985 0.11076562499999998
1 0.02951562499999998 0.28135937499999997 0.052078124999999996 0.09281249999999996