1 0.14409375 0.3508125 0.09375 0.12062500000000001
1 0.346640625 0.543875 0.089125 0.23937499999999998
1 0.708046875 0.262546875 0.06539062500000001 0.128109375
0 0.06046875 0.346484375 0.089703125 0.122359375
0 0.11053125 0.669203125 0.151625 0.319875
0 0.5555625 0.398 0.104171875 0.128171875
0 0.39323437499999997 0.3250625 0.14409375 0.17675000000000002
0 0.287609375 0.338671875 0.0960625 0.12409375
0 0.8625624999999999 0.32534375 0.1383125 0.06967187500000001
0 0.8773125 0.275859375 0.074078125 0.050546875000000005
2 0.9765625 0.295828125 0.046875 0.10785937500000001
2 0.585640625 0.313484375 0.12268749999999999 0.132765625
2 0.5179375 0.5331718750000001 0.17476562499999998 0.325609375
0 0.037609375 0.272671875 0.061343749999999996 0.10321875