1 0.334640625 0.42253125 0.08854687499999994 0.10285937500000006
1 0.939453125 0.4173125 0.07682812500000011 0.08984375
1 0.6822968749999999 0.41340625 0.0859375 0.11067187500000006
0 0.52734375 0.34504687500000003 0.0625 0.078125
1 0.6529999999999999 0.3046875 0.05078125 0.0546875
1 0.9615937499999999 0.30989062500000003 0.04296875 0.0546875
0 0.8365937499999999 0.28776562499999997 0.03515625 0.033859375000000025
2 0.7239531250000001 0.28385937499999997 0.09375 0.08332812499999998
1 0.4655 0.267578125 0.029953124999999935 0.040359374999999975
0 0.34375 0.27214062499999997 0.0390625 0.044265624999999975
0 0.412765625 0.28581249999999997 0.033859374999999935 0.03515625
0 0.08203125 0.25 0.03125 0.036453124999999975
0 0.13737499999999994 0.25715625000000003 0.02734375 0.040359374999999975
2 0.18620312499999994 0.23893749999999997 0.0625 0.07160937499999998