1 0.6273125 0.43590625000000005 0.15046874999999998 0.17275000000000001
1 0.9513906249999999 0.420875 0.09721874999999999 0.212109375
1 0.243640625 0.40784374999999995 0.098375 0.154796875
1 0.079578125 0.35515625 0.10010937499999999 0.125828125
1 0.01678125 0.4168125 0.0335625 0.210953125
0 0.321765625 0.327078125 0.067125 0.10092187500000001
0 0.154515625 0.28078125 0.06596874999999999 0.063859375
0 0.27140624999999996 0.25993750000000004 0.042828125 0.056906250000000005
0 0.58015625 0.2865625 0.05265625 0.04765625
0 0.65278125 0.274984375 0.041671875000000004 0.08006250000000001
0 0.732921875 0.26687500000000003 0.038765625 0.04996875
0 0.8344843750000001 0.27209374999999997 0.071765625 0.067328125
0 0.9143593750000001 0.25790625 0.0648125 0.06328125
0 0.459484375 0.27903125 0.078703125 0.067328125
0 0.355328125 0.30103125 0.057874999999999996 0.06271875
0 0.047453125 0.279609375 0.08101562500000001 0.0685
0 0.5491875 0.26687500000000003 0.049765625 0.056906250000000005
0 0.798328125 0.252703125 0.0445625 0.07368749999999999
5 0.40248437499999995 0.277875 0.07234375 0.065015625
0 0.615734375 0.262828125 0.03703125 0.03490625
0 0.9774375 0.32940625 0.045140625000000004 0.168078125