0 0.258109375 0.5635625 0.266203125 0.2579062500000001
0 0.526046875 0.4333125 0.11457812500000006 0.17101562500000003
0 0.19734374999999998 0.376578125 0.10301562499999999 0.09921875
0 0.897859375 0.32795312499999996 0.07001562499999991 0.14087499999999994
0 0.545421875 0.303359375 0.08739062499999992 0.10901562499999998
0 0.39351562500000004 0.32709375 0.09259375000000003 0.11482812500000002
0 0.7760468750000001 0.25125000000000003 0.09375000000000008 0.08121875000000003
0 0.9748281249999999 0.280484375 0.05034375000000004 0.08065625000000001
1 0.041953125 0.463984375 0.08043750000000001 0.21154687499999997
1 0.047171875 0.301625 0.09085937499999999 0.12639062499999998
0 0.714703125 0.266890625 0.06828125000000007 0.07079687500000001