1 0.9616562500000001 0.450609375 0.0766718749999999 0.10546875
1 0.635328125 0.45982812500000003 0.08448437500000008 0.10959374999999998
1 0.29196875 0.432421875 0.07567187500000001 0.09407812500000001
1 0.46378125 0.33884375 0.06573437500000008 0.089953125
5 0.8487656250000001 0.397875 0.1171875 0.1484375
0 0.099609375 0.28917187499999997 0.03782812500000001 0.046875
0 0.34045312499999997 0.31243750000000003 0.05435937500000003 0.05792187499999999
0 0.15803125 0.292296875 0.03370312499999999 0.02834374999999998
0 0.273109375 0.293296875 0.03995312499999999 0.030796874999999967
0 0.648828125 0.286328125 0.031140624999999922 0.04251562499999997
0 0.583265625 0.29275 0.04396874999999998 0.03504687500000001
0 0.540625 0.252171875 0.034375 0.03650000000000002
1 0.8196406250000001 0.23700000000000002 0.0366093750000001 0.031140625000000012
0 0.913453125 0.26746875000000003 0.033140625000000055 0.03739062500000001