1 0.08796875 0.387578125 0.15509375 0.142046875
1 0.2899375 0.43735937500000005 0.1006875 0.15134375
1 0.644671875 0.51115625 0.178234375 0.149640625
1 0.96440625 0.463703125 0.0711875 0.228328125
1 0.467875 0.36529687499999997 0.0711875 0.11484375
0 0.5850625 0.4168125 0.114578125 0.15537499999999999
0 0.789359375 0.39654687499999997 0.1273125 0.177359375
0 0.17099999999999999 0.32042187499999997 0.088546875 0.084140625
0 0.350109375 0.33171875 0.13078125000000002 0.124078125
0 0.282984375 0.274984375 0.06596874999999999 0.073125
0 0.5720468750000001 0.28771874999999997 0.064234375 0.077765625
0 0.641203125 0.29118750000000004 0.053234375 0.0708125
0 0.70515625 0.256171875 0.038765625 0.059796875000000006
0 0.77140625 0.268625 0.035875000000000004 0.053437500000000006
0 0.902203125 0.257046875 0.054390625000000005 0.058062499999999996
0 0.541671875 0.248078125 0.048609374999999996 0.071375
0 0.026328125 0.3195625 0.0491875 0.127546875
1 0.844328125 0.240265625 0.070609375 0.0939375
1 0.824078125 0.277296875 0.0648125 0.091640625
0 0.686921875 0.2709375 0.07523437499999999 0.092796875