1 0.85 0.38828125 0.0484375 0.1015625
0 0.94453125 0.42734375 0.0453125 0.090625
0 0.7609375 0.4453125 0.0265625 0.0640625
0 0.21640625 0.44609375 0.0203125 0.05625
1 0.44296875 0.44609375 0.015625 0.034375
1 0.0203125 0.446875 0.040625 0.084375
1 0.08125 0.44921875 0.0203125 0.0421875
0 0.5375 0.45 0.021875 0.0515625
0 0.26953125 0.45859375 0.040625 0.0921875
0 0.359375 0.46328125 0.0375 0.078125
0 0.18671875 0.46484375 0.034375 0.0765625
0 0.6109375 0.465625 0.034375 0.075
1 0.6546875 0.46640625 0.0328125 0.08125
0 0.725 0.484375 0.0296875 0.059375