1 0.58396875 0.474640625 0.05864062499999996 0.07943750000000005
1 0.31209375 0.42096875 0.05645312499999999 0.07624999999999993
1 0.044515624999999996 0.41309375 0.06035937500000001 0.06831250000000004
0 0.112484375 0.302390625 0.027015624999999988 0.03181250000000002
1 0.40170312499999994 0.33778125000000003 0.048171875000000065 0.050515624999999974
1 0.9604531250000001 0.45043749999999994 0.061499999999999846 0.08310937500000008
0 0.90546875 0.424203125 0.053109375000000014 0.06449999999999996
1 0.650953125 0.36462500000000003 0.044062500000000074 0.05209375000000005
0 0.48473437500000005 0.28209375 0.02937499999999993 0.03029687499999998
0 0.584828125 0.291265625 0.02379687500000003 0.030390624999999984
0 0.33559375 0.310921875 0.03574999999999999 0.04106249999999996
0 0.164828125 0.290578125 0.030140624999999987 0.021218749999999974
0 0.27409374999999997 0.28145312499999997 0.02198437499999999 0.034218749999999964
0 0.5148125 0.24674999999999997 0.019187499999999958 0.02468750000000002
0 0.91521875 0.260484375 0.023109374999999942 0.02351562500000002
0 0.87203125 0.2605 0.02268749999999997 0.028749999999999963
1 0.70978125 0.25328125 0.02109375 0.02474999999999996
0 0.64175 0.28603125 0.023046875 0.03032812500000004
0 0.02090625 0.32071875 0.03134375 0.03200000000000003