0 0.37506249999999997 0.41659375 0.06990625 0.10079687500000001
1 0.6124375 0.437 0.060625 0.088890625
2 0.087328125 0.50728125 0.174625 0.30098437499999997
1 0.974015625 0.424453125 0.051984375000000006 0.11664062500000001
2 0.83790625 0.45220312500000004 0.24609375 0.25851562499999997
0 0.662671875 0.287453125 0.023234374999999998 0.030109375
0 0.597296875 0.276921875 0.0356875 0.053796875
0 0.47037500000000004 0.29203125 0.02390625 0.034109375
0 0.37684375000000003 0.2953125 0.026875 0.030171874999999997
1 0.07914062499999999 0.32740625 0.038453125 0.058078125
0 0.173390625 0.290734375 0.0288125 0.0314375
0 0.304828125 0.269765625 0.018375 0.028625
5 0.937640625 0.28871875 0.09134375 0.061781249999999996
0 0.83415625 0.270390625 0.027453125000000002 0.024765625
0 0.73140625 0.27040625 0.038359375 0.035265625
0 0.5619531249999999 0.259296875 0.019578125 0.02328125