1 0.031828125000000006 0.43359375 0.054390625000000005 0.12179687500000003
1 0.07493749999999999 0.32940625 0.09779687499999999 0.08471875000000004
1 0.9641249999999999 0.29090625000000003 0.02546874999999993 0.059812499999999956
0 0.27315625 0.44575 0.057859374999999956 0.07434375000000007
0 0.183453125 0.39857812499999995 0.049765625000000015 0.06678124999999997
0 0.375296875 0.39221875000000006 0.05959374999999998 0.04942187500000004
0 0.56365625 0.358921875 0.041671874999999935 0.10442187499999997
0 0.750296875 0.35053125 0.02951562499999998 0.05867187500000002
0 0.8344843750000001 0.30451562499999996 0.034734375000000026 0.07196875
0 0.90509375 0.347921875 0.06018749999999997 0.07315624999999999
5 0.481765625 0.35834375 0.09895312500000006 0.08704687499999997
5 0.6695625 0.349078125 0.13078125000000007 0.10324999999999998