0 0.69575 0.527640625 0.10795312500000005 0.09284374999999993
0 0.94321875 0.66646875 0.10570312500000015 0.16685937499999995
0 0.872296875 0.39557812499999995 0.09912500000000009 0.12965624999999997
1 0.9397187499999999 0.32020312500000003 0.08407812499999992 0.08828125
5 0.29081250000000003 0.28221875 0.05645312499999999 0.07479687500000001
0 0.11079687499999995 0.31890625 0.06987499999999999 0.08826562500000001
5 0.43862500000000004 0.2934375 0.12593750000000004 0.11287500000000002
0 0.23840625 0.222609375 0.070015625 0.05453124999999999
0 0.01875 0.28359375 0.0375 0.0671875
0 0.565453125 0.47740625000000003 0.10343750000000007 0.13706250000000003
0 0.625640625 0.336625 0.10023437499999996 0.11070312500000004
0 0.486328125 0.405359375 0.08720312499999991 0.11273437499999997