1 0.0711875 0.45270312500000004 0.12153125000000001 0.150765625
1 0.095203125 0.34764062500000004 0.068859375 0.096890625
1 0.9600625 0.282515625 0.072921875 0.081234375
1 0.9791718749999999 0.38670312500000004 0.041671875000000004 0.122953125
0 0.84259375 0.385265625 0.08101562500000001 0.12353125000000001
0 0.8457812499999999 0.314921875 0.08390625 0.0905
0 0.257515625 0.349375 0.105328125 0.128140625
0 0.181421875 0.43648437500000004 0.08159374999999999 0.11139062500000001
0 0.412609375 0.39451562500000004 0.082171875 0.12121875
0 0.3625625 0.382359375 0.061921875 0.11773437499999999
0 0.5735 0.37021875 0.098375 0.148984375
2 0.750296875 0.383234375 0.17071875 0.178515625
5 0.499421875 0.342140625 0.089125 0.13103125