1 0.07146875 0.45878125000000003 0.13946875 0.17334375
1 0.9661406250000001 0.381203125 0.067703125 0.10153125
1 0.82465625 0.298140625 0.09375 0.133328125
1 0.9704843750000001 0.277875 0.0381875 0.07196875
0 0.087671875 0.344734375 0.088546875 0.070265625
0 0.204859375 0.409859375 0.09721874999999999 0.12759375
0 0.383109375 0.41332812499999994 0.134265625 0.10674999999999998
0 0.574078125 0.3783125 0.113421875 0.109640625
0 0.8234999999999999 0.38525 0.084484375 0.07490625
0 0.98784375 0.31203125 0.0243125 0.077765625
5 0.5017343750000001 0.349953125 0.09375 0.122359375
2 0.72309375 0.387 0.13715625 0.175625