1 0.41603124999999996 0.474640625 0.05864062499999996 0.07943750000000005
1 0.6879062499999999 0.42096875 0.05645312499999999 0.07624999999999997
1 0.9554843749999999 0.41309375 0.06035937500000017 0.06831250000000004
0 0.887515625 0.302390625 0.027015624999999942 0.03181250000000002
1 0.5982968750000001 0.33778125000000003 0.048171875000000065 0.050515624999999974
1 0.03954687499999991 0.45043749999999994 0.0615 0.08310937500000008
0 0.09453125 0.424203125 0.053109375000000014 0.06449999999999996
1 0.349046875 0.36462500000000003 0.044062499999999984 0.05209375000000005
0 0.515265625 0.28209375 0.02937499999999993 0.03029687499999998
0 0.41517187499999997 0.291265625 0.02379687500000003 0.030390624999999984
0 0.6644062500000001 0.310921875 0.03574999999999999 0.04106249999999996
0 0.835171875 0.290578125 0.030140624999999942 0.021218749999999974
0 0.7259062500000001 0.28145312499999997 0.021984375000000077 0.034218749999999964
0 0.4851875 0.24674999999999997 0.019187499999999958 0.02468750000000002
0 0.08478124999999999 0.260484375 0.023109374999999988 0.02351562500000002
0 0.12796874999999996 0.2605 0.022687500000000017 0.028749999999999963
1 0.29021875 0.25328125 0.02109375 0.02474999999999996
0 0.35824999999999996 0.28603125 0.023046875 0.03032812500000004
0 0.97909375 0.32071875 0.03134374999999991 0.03200000000000003