1 0.31706249999999997 0.4173125 0.07682812500000002 0.11067187500000002
1 0.623703125 0.447921875 0.08332812500000006 0.09114062500000006
1 0.8762968750000001 0.48371875 0.09635937500000011 0.11067187500000006
1 0.458984375 0.32942187500000003 0.061203124999999935 0.07292187500000002
1 0.018234375000000004 0.310546875 0.033859375000000004 0.061203125000000025
1 0.1328125 0.28776562499999997 0.041671875000000025 0.044265624999999975
0 0.27604687499999997 0.28450000000000003 0.046875 0.045578125000000025
0 0.5891875 0.28840625000000003 0.029953124999999935 0.037765625000000025
0 0.665359375 0.28254687500000003 0.041671874999999935 0.036453124999999975
2 0.9381562499999999 0.27214062499999997 0.08464062500000011 0.08332812499999998
0 0.8307343749999999 0.25910937500000003 0.033859375000000115 0.033859375000000025
0 0.631515625 0.255859375 0.028640625000000065 0.037765625000000025