5 0.1796875 0.638953125 0.265625 0.313609375
5 0.47248437499999996 0.46696875000000004 0.11239062500000001 0.1375
0 0.322984375 0.507359375 0.10423437499999999 0.11160937500000001
0 0.26378124999999997 0.35965625 0.064171875 0.072203125
5 0.14509375 0.404015625 0.116078125 0.15625
5 0.554359375 0.27115625 0.063609375 0.084046875
0 0.386390625 0.365734375 0.07678125 0.0484375
5 0.69196875 0.3599375 0.16071875 0.099328125
0 0.7306874999999999 0.279078125 0.038171875 0.05078125
0 0.895140625 0.340734375 0.059265625 0.0515625
0 0.97790625 0.3203125 0.044187500000000005 0.035265625