1 0.6911875000000001 0.43143750000000003 0.055109374999999974 0.07635937500000001
1 0.934546875 0.4150625 0.055343750000000115 0.06964062500000004
1 0.3588125 0.5093125 0.06359374999999998 0.07325
1 0.024734375000000065 0.45959374999999997 0.04946874999999999 0.083203125
1 0.56559375 0.339109375 0.04587500000000002 0.058375000000000024
0 0.175 0.40326562499999996 0.05362499999999999 0.06690625000000003
0 0.8345156250000001 0.30371875 0.028843750000000057 0.039687499999999966
0 0.412546875 0.29059375 0.026437499999999982 0.02645312500000001
0 0.346484375 0.28275 0.02315624999999999 0.03160937500000003
0 0.724609375 0.301703125 0.029921874999999966 0.02003124999999999
0 0.08020312500000007 0.267015625 0.024468749999999994 0.020968750000000026
1 0.371984375 0.25134375000000003 0.02421875 0.03128124999999997