0 0.067703125 0.430125 0.12846875 0.11950000000000002
0 0.318859375 0.40406250000000005 0.07523437499999996 0.09517187499999995
0 0.082171875 0.34271875 0.08796875000000001 0.09746874999999999
0 0.414359375 0.395390625 0.09259374999999999 0.15421875000000002
0 0.4913125 0.3948125 0.11457812500000006 0.11832812500000003
0 0.5 0.34184375 0.09721875000000005 0.09920312500000002
0 0.738421875 0.350234375 0.08101562500000004 0.098625
0 0.796875 0.35139062499999996 0.07292187500000002 0.12178125000000004
0 0.8344843750000001 0.37107812500000004 0.07176562500000001 0.098640625
0 0.874421875 0.293796875 0.07523437500000014 0.09339062499999998
5 0.23640625 0.401171875 0.101265625 0.10328125000000003
0 0.9592031249999999 0.426359375 0.08159375000000005 0.13628125000000005
2 0.96528125 0.32853125 0.06943750000000008 0.14896875000000004