1 0.38726562500000006 0.45434374999999994 0.07145312500000003 0.07529687500000008
1 0.77521875 0.447734375 0.0713750000000001 0.07007812500000003
1 0.5389999999999999 0.326671875 0.051999999999999956 0.059562500000000004
0 0.9746874999999999 0.31028125 0.03534374999999983 0.047609374999999954
1 0.04806249999999999 0.449125 0.05748437499999994 0.08571875000000002
0 0.15371875 0.4385625 0.07570312500000007 0.04632812499999996
0 0.34725 0.289953125 0.025265624999999937 0.032984375000000024
0 0.6174531249999999 0.284078125 0.026609374999999956 0.03423437500000004
0 0.665234375 0.32401562500000003 0.03360937499999998 0.043828125000000016
0 0.07834374999999998 0.2703125 0.018703125000000043 0.02754687499999999
0 0.90909375 0.3056875 0.033343749999999873 0.03839062499999999