2 0.0960625 0.4810625 0.192125 0.19360937499999994
0 0.37153125 0.40406250000000005 0.0694375 0.10212500000000002
0 0.324640625 0.40551562499999994 0.04050000000000002 0.04826562499999998
0 0.844328125 0.38670312500000004 0.06828125000000007 0.06273437499999997
0 0.485828125 0.384390625 0.0862343749999999 0.11831250000000004
0 0.20601562499999998 0.42781250000000004 0.057859375000000046 0.05232812500000002
0 0.081890625 0.345609375 0.06307812500000001 0.054624999999999965
0 0.512734375 0.338078125 0.06712500000000006 0.08820312499999998
0 0.75809375 0.3485 0.05092187500000005 0.06735937500000003
0 0.8729687500000001 0.2993125 0.04340624999999996 0.03607812499999996
2 0.9739531250000001 0.32014062499999996 0.052078124999999885 0.128703125