1 0.22174999999999997 0.436234375 0.0684375 0.090578125
1 0.6166406249999999 0.447140625 0.07229687500000001 0.098109375
1 0.95196875 0.468453125 0.08512499999999999 0.109484375
1 0.44548437500000004 0.367734375 0.059640625 0.07681249999999999
0 0.840640625 0.42784374999999997 0.0881875 0.067328125
0 0.334765625 0.3211875 0.061406249999999996 0.050890625
0 0.017374999999999998 0.33296875 0.034765625 0.047875
0 0.12865625 0.29075 0.0385 0.049375
0 0.16996875 0.28325 0.0320625 0.03128125
0 0.270890625 0.293421875 0.04015625 0.03909375
0 0.553828125 0.25221875 0.03728125 0.030125000000000002
0 0.5839375 0.2904375 0.041234375000000004 0.033140625
0 0.655265625 0.28984375 0.038578125000000005 0.0381875
0 0.739359375 0.276671875 0.03803125 0.041546875
0 0.8276562500000001 0.266671875 0.0365 0.029343750000000002
0 0.8696249999999999 0.24539062500000003 0.025140625 0.032109375