1 0.6902968749999999 0.421875 0.08184374999999999 0.10225000000000004
1 0.3510625 0.5021093750000001 0.07751562500000002 0.09242187499999996
1 0.545921875 0.323859375 0.05807812499999994 0.08123437500000001
0 0.173609375 0.40856250000000005 0.06678125000000001 0.08187499999999996
5 0.40573437500000004 0.415796875 0.08846875000000001 0.129171875
0 0.961328125 0.2963125 0.046015625000000074 0.06050000000000004
0 0.867234375 0.282265625 0.03578125000000014 0.046484375
0 0.662890625 0.310453125 0.06165625000000006 0.04974999999999996
0 0.7292343750000001 0.30025 0.04146874999999994 0.029312499999999984
0 0.45043749999999994 0.25446875 0.031874999999999966 0.03464062500000002
0 0.41953125 0.292296875 0.04214062500000004 0.02748437499999996
0 0.356375 0.29114062500000004 0.027828125000000002 0.029843750000000037
0 0.13070312499999998 0.25671875 0.033859375000000025 0.03289062500000002
0 0.20253125 0.24990625 0.03862500000000002 0.02706249999999999
5 0.08376562500000002 0.257 0.04670312499999999 0.06624999999999996
5 0.25321875 0.272984375 0.045062499999999964 0.062281250000000024