1 0.9301406249999999 0.41334375 0.0727656249999999 0.08292187500000008
1 0.6929062500000001 0.42712500000000003 0.07935937499999994 0.10915625000000002
1 0.33834375000000005 0.482203125 0.08224999999999998 0.08470312500000006
1 0.575890625 0.33404687499999997 0.058265624999999946 0.081921875
1 0.65496875 0.306421875 0.05279687500000012 0.06217187500000003
0 0.16015625 0.399 0.1171875 0.14173437500000005
0 0.8741562500000001 0.28526562499999997 0.04609375 0.04821875000000002
0 0.724328125 0.28923437500000004 0.04754687499999992 0.03381249999999998
0 0.41345312500000003 0.288609375 0.038734374999999946 0.03571875000000002
0 0.34759375 0.28064062500000003 0.02890625 0.03984375
0 0.08515625 0.268421875 0.0350468750000001 0.03348437500000001
0 0.5150625 0.623328125 0.001109375000000057 0.001109375000000057
0 0.45078125 0.26896875 0.04442187499999992 0.027453124999999988