1 0.601265625 0.37889062500000004 0.12384374999999999 0.13162500000000002
1 0.91753125 0.46224999999999994 0.1267343750000002 0.18029687499999997
0 0.786171875 0.411890625 0.1186406250000001 0.11428124999999997
1 0.921875 0.334609375 0.12153124999999995 0.11598437500000003
0 0.13831249999999998 0.38034375 0.07754687500000017 0.10326562499999996
0 0.4250625 0.354296875 0.09085937499999996 0.113671875
2 0.26475 0.35834375 0.1336875000000001 0.13567187499999997
0 0.045140624999999976 0.30046875 0.05556249999999992 0.14490625000000001
0 0.7274375 0.352546875 0.09375 0.11020312499999996
0 0.518515625 0.32621875 0.07407812499999995 0.088765625
0 0.20167187500000008 0.32940625 0.05149999999999997 0.09167187500000003
0 0.15162499999999995 0.311453125 0.09259374999999999 0.104390625