1 0.22174999999999997 0.436234375 0.06843750000000001 0.09057812500000004
1 0.6166406249999999 0.447140625 0.07229687499999997 0.09810937499999994
1 0.95196875 0.468453125 0.08512500000000003 0.10948437500000008
1 0.44548437500000004 0.367734375 0.05964062499999993 0.07681250000000003
0 0.840640625 0.42784374999999997 0.08818750000000009 0.06732812500000004
0 0.334765625 0.3211875 0.061406250000000016 0.05089062499999999
0 0.0171875 0.33203125 0.034375 0.0484375
0 0.12865625 0.29075 0.03849999999999998 0.04937500000000004
0 0.16996875 0.28325 0.032062500000000015 0.03128124999999997
0 0.270890625 0.293421875 0.040156249999999984 0.03909374999999997
0 0.553828125 0.25221875 0.03728125000000002 0.030125000000000048
0 0.5839375 0.2904375 0.041234374999999976 0.033140624999999965
0 0.655265625 0.28984375 0.03857812500000009 0.0381875
0 0.739359375 0.276671875 0.03803125000000005 0.04154687499999996
0 0.8276562500000001 0.266671875 0.036499999999999845 0.029343750000000047
0 0.8696249999999999 0.24539062500000003 0.02514062499999987 0.032109375000000016