1 0.067578125 0.40881249999999997 0.07712500000000001 0.08079687500000002
1 0.314234375 0.41612499999999997 0.08157812499999997 0.11171875
1 0.428625 0.334828125 0.06260937500000004 0.07365624999999998
5 0.6411875 0.48650000000000004 0.0765625 0.10290625000000002
1 0.9671875 0.43828125 0.065625 0.1453125
0 0.845140625 0.42517187500000003 0.07712499999999985 0.06484375
0 0.13956249999999998 0.285484375 0.03760937499999999 0.04151562499999999
0 0.07315625 0.306421875 0.045875 0.04118750000000002
1 0.34118750000000003 0.30525 0.04754687500000001 0.05290625000000002
0 0.270484375 0.28828125 0.03671875 0.03214062499999999
0 0.39196875000000003 0.275890625 0.04084374999999998 0.04173437499999997
0 0.6758437500000001 0.27717187499999996 0.03470312500000006 0.03270312500000001
1 0.6192031250000001 0.256359375 0.03459374999999998 0.03548437499999997
0 0.56746875 0.26959374999999997 0.027796874999999943 0.025562500000000023
0 0.541578125 0.24889062499999998 0.030921874999999942 0.03660937500000001
0 0.7560781249999999 0.2686875 0.03448437500000008 0.02578125
5 0.826234375 0.2661875 0.05579687500000006 0.05021874999999998
5 0.9113906249999999 0.250328125 0.0546875 0.06139062500000003