0 0.6561874999999999 0.781140625 0.249796875 0.341109375
4 0.8041562499999999 0.585703125 0.19575 0.24396874999999998
0 0.050484375000000005 0.5776875 0.10096875000000001 0.29571875
0 0.34759375000000003 0.4486875 0.188859375 0.1886875
0 0.14737499999999998 0.375234375 0.113421875 0.12928125
0 0.075765625 0.33934375 0.070234375 0.11376562500000001
0 0.5357031250000001 0.4369375 0.13384374999999998 0.1526875
0 0.54225 0.273078125 0.096953125 0.131234375
0 0.369640625 0.26884375 0.089234375 0.10400000000000001
0 0.15135937500000002 0.269859375 0.077671875 0.062281249999999996
0 0.202859375 0.23665625 0.061921875 0.077125
0 0.2835625 0.24103124999999997 0.067078125 0.09215625
0 0.46867187499999996 0.24489062499999997 0.049796875000000004 0.06859375