1 0.1390625 0.3890625 0.0484375 0.1046875
1 0.0703125 0.40859375 0.046875 0.09375
0 0.7484375 0.4328125 0.0421875 0.1046875
0 0.64765625 0.44140625 0.046875 0.1109375
0 0.2484375 0.44296875 0.0203125 0.0609375
1 0.46875 0.44296875 0.015625 0.053125
1 0.55625 0.44375 0.0203125 0.0390625
1 0.80859375 0.44609375 0.0390625 0.08125
1 0.9125 0.459375 0.0234375 0.0484375
0 0.340625 0.46015625 0.0390625 0.1015625
0 0.98125 0.465625 0.0375 0.0890625
1 0.40390625 0.46640625 0.028125 0.084375
0 0.59296875 0.47734375 0.025 0.0671875
0 0.278125 0.4828125 0.0296875 0.0734375