2 0.8684843750000001 0.505265625 0.26303124999999994 0.27871875
2 0.23648437500000002 0.44290624999999995 0.21259375 0.20868750000000005
2 0.09609375 0.4484375 0.1921875 0.259375
4 0.524265625 0.353125 0.17878124999999995 0.161921875
0 0.82325 0.34578125000000004 0.03262500000000017 0.03185937499999998
0 0.9856562500000001 0.293328125 0.026031250000000127 0.03150000000000004
0 0.6945 0.28025 0.02756249999999998 0.033984375
1 0.48775 0.275625 0.02168749999999999 0.03534375000000001
0 0.3955 0.28678125 0.03440624999999997 0.03142187500000002
0 0.26465625 0.2763125 0.027828125000000002 0.033937499999999954
0 0.1475468749999999 0.2736875 0.025031250000000015 0.03657812500000004
0 0.75534375 0.29203125 0.02564062499999995 0.036734374999999986
0 0.585234375 0.276921875 0.03782812500000006 0.051171875
0 0.329421875 0.2645 0.03903125000000003 0.05496875000000001