0 0.2171875 0.448046875 0.086828125 0.108375
1 0.61484375 0.45703125 0.07678125 0.099109375
1 0.9453125 0.451453125 0.109375 0.139515625
1 0.4068125 0.3448125 0.05915625 0.084046875
0 0.83928125 0.42371875000000003 0.088609375 0.065296875
5 0.327015625 0.3130625 0.064734375 0.094859375
0 0.131859375 0.28990625 0.035828125 0.045875
0 0.272984375 0.2854375 0.034828125 0.0380625
0 0.57996875 0.295421875 0.043859375 0.032359375
0 0.656078125 0.29140625 0.031140624999999998 0.039734375
0 0.630578125 0.259484375 0.024546875000000003 0.041296875
0 0.54821875 0.255578125 0.029234375 0.035046875
0 0.595421875 0.23717187499999998 0.021203125 0.032359375
0 0.8243281250000001 0.27131249999999996 0.039734375 0.025890625
5 0.91796875 0.262828125 0.05915625 0.056921875