1 0.608140625 0.44975 0.07542187499999997 0.07393750000000007
1 0.20973437499999997 0.47003125 0.06493750000000001 0.06760937499999997
1 0.9561875000000001 0.46092187500000004 0.0772343750000001 0.08845312500000002
1 0.43679687500000003 0.369234375 0.04831249999999994 0.06392187499999995
1 0.13525 0.2808125 0.02640625000000001 0.040749999999999974
0 0.320359375 0.3345 0.03898437499999998 0.04654687500000003
0 0.843703125 0.43070312499999996 0.06003125000000011 0.04887499999999996
0 0.916390625 0.271625 0.02921875000000007 0.02756249999999998
0 0.8215312499999999 0.26834375 0.03145312500000017 0.023609375000000023
1 0.622015625 0.26246875 0.021640625000000035 0.030078125
0 0.67303125 0.28340624999999997 0.02375000000000007 0.030312499999999964
1 0.36425 0.26378124999999997 0.018937500000000006 0.03271875