1 0.054984374999999995 0.47671875 0.10995312500000001 0.12589062499999998
1 0.339984375 0.415359375 0.13484374999999998 0.128171875
1 0.577828125 0.35053125 0.08275 0.102671875
1 0.106484375 0.32071875 0.09490625 0.10903125
1 0.460640625 0.3728125 0.08101562500000001 0.09515625
1 0.95746875 0.389890625 0.0850625 0.13973437500000002
1 0.9791718749999999 0.251265625 0.041671875000000004 0.150671875
1 0.677078125 0.325359375 0.09721874999999999 0.139125
4 0.21528125 0.45385937500000006 0.15278125 0.153078125
5 0.498546875 0.346765625 0.08390625 0.1055625
0 0.77546875 0.343296875 0.09259375 0.1055625
0 0.8362343750000001 0.387578125 0.089125 0.142046875
0 0.8373906249999999 0.29118750000000004 0.049765625 0.063875