5 0.6032656249999999 0.46256250000000004 0.07631250000000005 0.11673437500000006
1 0.889234375 0.46384375 0.0671875 0.10101562499999997
1 0.23359375 0.438953125 0.05828125000000002 0.07978125000000005
1 0.40368750000000003 0.33265625 0.03893749999999998 0.07390625000000002
1 0.11576562500000001 0.309078125 0.033578125 0.04476562499999996
0 0.03925 0.3005625 0.036734375 0.027578124999999964
0 0.335609375 0.30715625 0.038328125000000046 0.04859375000000003
1 0.189046875 0.26189062500000004 0.029046875000000007 0.03651562500000001
0 0.26559374999999996 0.293984375 0.028468749999999952 0.02756249999999998
5 0.9336874999999999 0.268515625 0.08609374999999986 0.09167187500000003
0 0.872046875 0.257328125 0.022671874999999987 0.03245312499999997
0 0.64371875 0.282859375 0.024375000000000036 0.03404687500000003
0 0.584875 0.288125 0.028968749999999942 0.02610937499999997
0 0.471703125 0.295328125 0.026515625000000043 0.03540625000000004
1 0.38073437499999996 0.271703125 0.02170312499999998 0.030031250000000044
0 0.5253281249999999 0.24684374999999997 0.02184375000000003 0.029734375000000045
1 0.801390625 0.23965625 0.024609375 0.025687499999999995
0 0.761546875 0.267765625 0.022749999999999916 0.03264062499999998
0 0.68165625 0.2704375 0.02475000000000005 0.032578125000000034