1 0.05437499999999999 0.45953125000000006 0.10209375000000001 0.10101562499999997
1 0.95878125 0.42515625 0.06854687499999983 0.08817187499999997
1 0.456265625 0.354640625 0.06246875000000003 0.06728125
0 0.298296875 0.45665625 0.090625 0.08346874999999994
5 0.5736718749999999 0.368515625 0.089640625 0.10823437500000002
0 0.8340156249999999 0.38571875 0.06934375000000008 0.08079687500000002
0 0.674453125 0.34684375 0.03946874999999998 0.07495312499999995
0 0.779859375 0.34265625 0.041593749999999916 0.06274999999999994
1 0.97578125 0.28125 0.0484375 0.053125
0 0.8544218750000001 0.299296875 0.0518437500000001 0.03018749999999999
0 0.07121875 0.35367187499999997 0.07362500000000001 0.04692187500000004
0 0.517625 0.3525625 0.03518749999999997 0.07145312500000003