0 0.85 0.39140625 0.046875 0.09375
0 0.93671875 0.43125 0.046875 0.09375
1 0.021875 0.44296875 0.04375 0.0859375
1 0.4421875 0.44609375 0.0203125 0.0390625
1 0.534375 0.44609375 0.021875 0.0578125
0 0.759375 0.446875 0.0265625 0.053125
1 0.08515625 0.4515625 0.028125 0.05625
0 0.2703125 0.45859375 0.0390625 0.0953125
0 0.61171875 0.46015625 0.03125 0.078125
0 0.184375 0.4625 0.0359375 0.0796875
0 0.3546875 0.4640625 0.0390625 0.084375
1 0.65625 0.46875 0.0296875 0.0859375
0 0.72421875 0.48515625 0.0296875 0.0609375