0 0.383109375 0.515796875 0.12268749999999998 0.151953125
0 0.824078125 0.25965625000000003 0.09490625000000001 0.08064062500000002
0 0.9745312500000001 0.278453125 0.043984375000000145 0.05923437500000004
0 0.40625 0.28975 0.05556249999999992 0.071390625
0 0.353015625 0.279046875 0.05787499999999994 0.08123437500000001
0 0.24537500000000004 0.273828125 0.05787499999999994 0.08470312499999996
0 0.463546875 0.250671875 0.07292187499999994 0.06617187500000003
0 0.734671875 0.2865625 0.04803125000000001 0.05460937499999998
0 0.16001562499999994 0.4113125 0.10706249999999998 0.12006250000000004
0 0.35359375000000004 0.3838125 0.08448437500000008 0.08243749999999998
0 0.12239062500000006 0.25096875 0.04340624999999996 0.06326562500000002
0 0.31828124999999996 0.266890625 0.06481250000000002 0.10553125000000003
0 0.89496875 0.2920625 0.026046875000000115 0.062124999999999986
1 0.86053125 0.321 0.07060937500000009 0.09918750000000003
1 0.94965625 0.389890625 0.10068750000000008 0.16751562499999997
1 0.695890625 0.4168125 0.1186406250000001 0.1553750000000001
1 0.02109375 0.3734375 0.0421875 0.19375
1 0.21006249999999999 0.246921875 0.045140624999999976 0.11073437500000001
1 0.674765625 0.30334374999999997 0.12268749999999998 0.0881875
1 0.55671875 0.326796875 0.09490625000000001 0.12465625000000005
0 0.40856250000000005 0.23562500000000003 0.07176562499999992 0.07078125000000002