0 0.606484375 0.444015625 0.1157343749999999 0.09867187499999996
0 0.63715625 0.294671875 0.05903124999999996 0.09165625000000004
0 0.568859375 0.27846875 0.054390625000000095 0.09396874999999998
0 0.277203125 0.28771874999999997 0.054390625000000005 0.09859375000000004
0 0.541375 0.25589062500000004 0.05845312499999995 0.10437500000000002
0 0.6906875 0.26370312500000004 0.05150000000000006 0.06790624999999997
0 0.903359375 0.257046875 0.09143749999999998 0.07195312500000002
0 0.747109375 0.27932812500000004 0.05671874999999993 0.09917187499999995
0 0.818 0.274703125 0.0561406250000001 0.06906249999999999
0 0.7899375 0.230421875 0.045140624999999976 0.06731249999999997
0 0.026046875000000004 0.307703125 0.045140625000000004 0.135078125
1 0.297171875 0.418546875 0.16029687500000006 0.1796875
1 0.111984375 0.43678125 0.12326562500000002 0.226578125
1 0.636 0.4810625 0.11921874999999993 0.13109374999999995
1 0.832171875 0.37687499999999996 0.10185937500000009 0.15189062500000006
1 0.9583281250000001 0.46804687500000003 0.08332812499999989 0.22659374999999998
1 0.435765625 0.3635625 0.12846875000000005 0.18082812500000003
1 0.344625 0.3021875 0.060765624999999976 0.09281249999999996
1 0.15914062499999998 0.279046875 0.08217187499999996 0.08817187500000001