0 0.871703125 0.5561875 0.12421875 0.1068125
5 0.67365625 0.474671875 0.12946875 0.141734375
1 0.23185937499999998 0.44921875 0.0880625 0.096203125
1 0.470703125 0.33075 0.057484375 0.0869375
1 0.027796875 0.319984375 0.044640625 0.05915625
1 0.342578125 0.30853125000000003 0.043859375 0.057921875
0 0.14296875 0.28576562499999997 0.04040625 0.048109374999999996
0 0.27421875 0.298609375 0.038609375 0.0275625
0 0.654859375 0.28103125 0.026671875 0.032140625
0 0.587609375 0.28923437500000004 0.0375 0.031140624999999998
0 0.53309375 0.24748437499999998 0.037390625 0.030015625
5 0.924390625 0.254796875 0.054578125 0.067640625
0 0.875 0.2578125 0.035484375 0.033265625
0 0.735546875 0.27209374999999997 0.028687499999999998 0.027453125000000002
5 0.80078125 0.232140625 0.052453125 0.05803125
0 0.624546875 0.26015625 0.023890625 0.031468750000000004