0 0.296578125 0.49959375 0.179984375 0.20982812499999998
0 0.8726875 0.303921875 0.050921875000000005 0.054609375
0 0.428234375 0.462828125 0.141203125 0.19534374999999998
0 0.14496875 0.354875 0.11284374999999999 0.135671875
0 0.390921875 0.3415625 0.10475000000000001 0.136828125
0 0.874421875 0.258203125 0.089125 0.08815625
2 0.578421875 0.30451562499999996 0.132515625 0.125234375
5 0.52575 0.40784374999999995 0.09664062500000001 0.133953125
5 0.682296875 0.27671875 0.0868125 0.062703125
2 0.9748281249999999 0.31262500000000004 0.05034375 0.1345
2 0.73321875 0.270640625 0.042828125 0.09568750000000001
2 0.03790625 0.32796875000000003 0.07234375 0.182546875
0 0.273140625 0.360953125 0.101859375 0.116578125