1 0.06593750000000001 0.419296875 0.10278125 0.11653125000000006
2 0.368421875 0.46240625 0.27739062500000006 0.28568750000000004
0 0.23756249999999998 0.40590624999999997 0.10006250000000003 0.07589062500000007
0 0.15135937500000002 0.435265625 0.0464375 0.08060937500000005
1 0.59209375 0.35135937500000003 0.06764062499999994 0.06592187499999999
5 0.506234375 0.36206250000000006 0.09365625000000008 0.08420312499999998
5 0.6930625 0.35539062499999996 0.08484374999999993 0.08960937500000003
0 0.833375 0.377765625 0.07607812500000008 0.07632812500000004
1 0.9624062500000001 0.2895 0.049765624999999855 0.05201562500000003
0 0.8508281249999999 0.297796875 0.05159374999999997 0.03021874999999996
0 0.784125 0.34903125 0.05165625000000009 0.04923437499999998