1 0.31640625 0.415359375 0.078125 0.10676562500000006
1 0.6516875 0.486328125 0.08723437500000006 0.10026562499999994
0 0.8307343749999999 0.40234375 0.08332812499999989 0.07292187499999994
1 0.97265625 0.456375 0.0546875 0.10546875
1 0.462890625 0.337890625 0.06379687500000006 0.08984375
1 0.34049999999999997 0.29948437499999997 0.04296875 0.057296875000000025
1 0.022140625000000004 0.3125 0.0390625 0.0546875
0 0.11653125 0.28125 0.03776562499999998 0.044265624999999975
0 0.271484375 0.29296875 0.032546874999999975 0.036453124999999975
0 0.583984375 0.28581249999999997 0.037765624999999935 0.040359374999999975
0 0.65625 0.28645312500000003 0.036453125000000065 0.0390625
0 0.859375 0.23112499999999997 0.028640624999999885 0.040359374999999975
5 0.9329375000000001 0.27409374999999997 0.09504687499999989 0.09245312500000002
0 0.5345 0.25065624999999997 0.02734375 0.037765625000000025