0 0.11617187500000004 0.5375 0.10896875000000002 0.09751562499999995
0 0.7025625 0.44992187499999997 0.06950000000000003 0.08431250000000005
1 0.36171875 0.458296875 0.07489062499999992 0.10896875000000002
1 0.5410468749999999 0.337109375 0.057328125000000084 0.08532812500000002
1 0.654875 0.30870312499999997 0.0518437500000001 0.05895312500000003
0 0.7270625 0.292 0.03590625000000003 0.033890624999999994
0 0.8964062500000001 0.292921875 0.0395624999999999 0.05337500000000004
0 0.8420781250000001 0.29495312500000004 0.037437500000000054 0.029828124999999962
0 0.34593749999999995 0.28698437499999996 0.026109375000000056 0.041359374999999955
0 0.6068906249999999 0.297328125 0.0362187500000001 0.03967187499999998
0 0.418265625 0.291921875 0.045906249999999996 0.03192187500000001
0 0.462953125 0.25606249999999997 0.03556249999999998 0.028187500000000032
0 0.08364062499999995 0.26703125 0.029312499999999984 0.03587499999999997
0 0.1795 0.240328125 0.0350468750000001 0.027531250000000007