1 0.859375 0.38515625 0.053125 0.1109375
1 0.934375 0.40859375 0.046875 0.0890625
0 0.2640625 0.43046875 0.040625 0.1109375
1 0.19296875 0.43984375 0.034375 0.0984375
1 0.5296875 0.44375 0.0203125 0.053125
0 0.75234375 0.44375 0.025 0.065625
1 0.44453125 0.44453125 0.015625 0.0390625
6 0.362390625 0.515625 0.061390625 0.275890625
0 0.6 0.4546875 0.034375 0.084375
1 0.0875 0.4578125 0.0234375 0.0546875
0 0.01796875 0.4625 0.0359375 0.096875
0 0.66640625 0.47109375 0.04375 0.109375
1 0.40625 0.47421875 0.0265625 0.0609375
0 0.72265625 0.48671875 0.0265625 0.0734375