1 0.04040625 0.451453125 0.080796875 0.10735937499999999
1 0.9262812500000001 0.415515625 0.08025 0.094203125
1 0.4755625 0.352671875 0.053796875 0.06696875
1 0.090015625 0.348546875 0.063953125 0.06875
0 0.224828125 0.410875 0.053234375 0.055921874999999996
0 0.312046875 0.41423437500000004 0.059375 0.074890625
0 0.389953125 0.42315625 0.06896875 0.061265625000000004
1 0.5681875 0.3489375 0.05803125 0.06775
0 0.718296875 0.350609375 0.044203124999999996 0.0713125
0 0.833375 0.38615625 0.056703125 0.076109375
0 0.7813125000000001 0.34368750000000003 0.0474375 0.0619375
0 0.8550156250000001 0.306140625 0.0390625 0.04240625
0 0.971265625 0.30657812500000003 0.032468750000000005 0.04375