1 0.58396875 0.474640625 0.058640625 0.07943750000000001
1 0.31209375 0.42096875 0.05645312500000001 0.07625
1 0.044515624999999996 0.41309375 0.06035937500000001 0.0683125
0 0.112484375 0.302390625 0.027015624999999998 0.0318125
1 0.40170312499999994 0.33778125000000003 0.048171874999999996 0.050515624999999995
1 0.9604531250000001 0.45043749999999994 0.0615 0.083109375
0 0.90546875 0.424203125 0.053109375 0.0645
1 0.650953125 0.36462500000000003 0.0440625 0.05209375000000001
0 0.48473437500000005 0.28209375 0.029375000000000002 0.030296875
0 0.584828125 0.291265625 0.023796875000000002 0.030390624999999998
0 0.33559375 0.310921875 0.03575 0.0410625
0 0.164828125 0.290578125 0.030140624999999997 0.02121875
0 0.27409374999999997 0.28145312499999997 0.021984375 0.03421875
0 0.5148125 0.24674999999999997 0.0191875 0.0246875
0 0.91521875 0.260484375 0.023109374999999998 0.023515625000000002
0 0.87203125 0.2605 0.0226875 0.028749999999999998
1 0.70978125 0.25328125 0.02109375 0.02475
0 0.64175 0.28603125 0.023046875 0.030328125
0 0.02090625 0.32071875 0.03134375 0.032