1 0.047984375 0.4636875 0.083375 0.109328125
1 0.967984375 0.418 0.06403125 0.08146875
1 0.08981249999999999 0.344796875 0.065671875 0.06493750000000001
0 0.36931250000000004 0.43090624999999994 0.09409375 0.072953125
0 0.185078125 0.43745312500000005 0.08434375 0.05515625
0 0.29575 0.44176562500000005 0.0726875 0.05746875
0 0.5753125 0.38210937500000003 0.07071875 0.05796875
5 0.5015468750000001 0.358359375 0.10303124999999999 0.0955625
5 0.672765625 0.362078125 0.08575 0.099515625
0 0.832453125 0.3848125 0.07246875 0.082109375
0 0.80696875 0.30890625 0.057265625 0.047671875
0 0.962640625 0.29353125 0.050562499999999996 0.051640624999999996
0 0.861953125 0.310171875 0.035296875 0.0394375