0 0.85 0.4109375 0.0515625 0.1
1 0.246875 0.42265625 0.040625 0.0921875
0 0.95234375 0.4234375 0.0515625 0.09375
1 0.6984375 0.4359375 0.0234375 0.04375
1 0.3640625 0.4375 0.0390625 0.0921875
1 0.44296875 0.4390625 0.01875 0.04375
1 0.75859375 0.44140625 0.0234375 0.053125
1 0.3328125 0.44375 0.01875 0.0546875
1 0.1953125 0.44453125 0.0359375 0.0828125
1 0.53046875 0.4453125 0.021875 0.05625
0 0.01796875 0.4515625 0.0359375 0.096875
1 0.6015625 0.4546875 0.0359375 0.0765625
1 0.084375 0.4578125 0.0234375 0.05
1 0.65234375 0.46640625 0.0390625 0.090625
1 0.40546875 0.471875 0.028125 0.059375
0 0.7234375 0.48359375 0.0265625 0.0671875