1 0.626171875 0.44556250000000003 0.07523437499999999 0.09812499999999999
1 0.196359375 0.46059374999999997 0.05387499999999999 0.08384375
1 0.45209374999999996 0.362859375 0.049953125 0.0740625
1 0.9563593750000001 0.44740624999999995 0.084640625 0.099703125
0 0.8441562499999999 0.42321875000000003 0.049546875000000004 0.066484375
1 0.367 0.307140625 0.0413125 0.05915625
0 0.138015625 0.278265625 0.02328125 0.040578125
0 0.025406250000000002 0.3110625 0.050796875 0.093421875
0 0.28326562499999997 0.273671875 0.04046875 0.060312500000000005
0 0.5822499999999999 0.291421875 0.021078125 0.0300625
0 0.656140625 0.27959375 0.02053125 0.035296875
0 0.461234375 0.28484375 0.029046875 0.032671875
0 0.9139531249999999 0.26453125 0.023015625 0.033828125
0 0.824359375 0.267171875 0.023375 0.028578125
0 0.734703125 0.273703125 0.02121875 0.026015624999999997
0 0.62146875 0.2631875 0.02153125 0.028609375
0 0.558078125 0.2553125 0.019453124999999998 0.025953125