1 0.04353125000000002 0.42521875 0.08704687500000001 0.14509375000000002
1 0.36217187500000003 0.431359375 0.11942187499999993 0.15735937500000005
0 0.775109375 0.43639062500000003 0.12834374999999998 0.17634375000000002
0 0.19251562500000005 0.39509375 0.12389062500000003 0.14732812499999995
0 0.584828125 0.352125 0.09821875000000002 0.1194218750000001
1 0.9375 0.337609375 0.0758906249999999 0.09485937499999997
0 0.6796875 0.327015625 0.078125 0.08259375000000002
0 0.84375 0.278453125 0.05803125000000016 0.07478125000000002
0 0.353234375 0.280140625 0.05692187500000001 0.06920312500000003
0 0.423546875 0.27734375 0.06360937500000005 0.06807812499999999
0 0.540734375 0.279578125 0.06139062499999994 0.05915625000000002
0 0.18526562500000007 0.260046875 0.05357812500000003 0.05134375000000002
0 0.272875 0.26896875 0.05245312499999999 0.05579687499999997
0 0.07923437500000005 0.25725 0.05579687500000001 0.06360937499999997