0 0.05707812499999996 0.46373437500000003 0.09653125 0.12143750000000005
0 0.42946875 0.48778125 0.07857812499999998 0.08181250000000002
0 0.784765625 0.46690624999999997 0.08270312500000002 0.09431250000000002
0 0.674109375 0.41735937500000003 0.07298437500000006 0.07354687500000004
0 0.19251562500000005 0.431234375 0.07735937499999998 0.06867187500000002
1 0.9385625 0.33259375 0.06015625 0.062281250000000024
0 0.834484375 0.29118750000000004 0.03795312499999994 0.03973437500000001
0 0.647875 0.2999375 0.041078124999999945 0.03806250000000002
0 0.538796875 0.29803125 0.03896875000000009 0.03803124999999996
0 0.4180625 0.287296875 0.04353125000000002 0.038203124999999984
0 0.33925 0.278546875 0.031343750000000004 0.03682812499999999
0 0.3758125 0.2606875 0.026015624999999966 0.038203124999999984
0 0.26503125 0.276578125 0.038124999999999964 0.029109374999999993
0 0.173421875 0.267125 0.03142187500000002 0.03271875
5 0.07378125000000005 0.268765625 0.08009374999999999 0.07768750000000005