1 0.3795625 0.438796875 0.08203125 0.109375
1 0.13410937500000006 0.4889375 0.09635937500000001 0.12370312499999994
1 0.7845000000000001 0.439453125 0.07942187499999998 0.10285937500000002
1 0.5345 0.32682812499999997 0.06379687500000006 0.08332812499999998
0 0.6666718749999999 0.31575000000000003 0.052078125000000065 0.05859375
0 0.8723906250000001 0.302734375 0.0390625 0.048171874999999975
0 0.7278593750000001 0.28190624999999997 0.028640625000000065 0.045578125000000025
0 0.412765625 0.28645312500000003 0.03125 0.041671875000000025
0 0.325515625 0.27668750000000003 0.033859375000000025 0.040359374999999975
0 0.169921875 0.26106250000000003 0.032546874999999975 0.040359374999999975
0 0.08073437499999994 0.265625 0.03125 0.036453124999999975