1 0.37268749999999995 0.43590625000000005 0.15046874999999993 0.1727499999999999
1 0.048609375000000024 0.420875 0.09721874999999999 0.212109375
1 0.756359375 0.40784374999999995 0.09837500000000006 0.1547968749999999
1 0.9204218750000001 0.35515625 0.1001093749999999 0.12582812499999996
1 0.98321875 0.4168125 0.03356250000000003 0.210953125
0 0.678234375 0.327078125 0.06712500000000006 0.10092187499999997
0 0.8454843750000001 0.28078125 0.06596875000000005 0.06385937500000001
0 0.72859375 0.25993750000000004 0.04282812499999995 0.056906250000000026
0 0.41984374999999996 0.2865625 0.05265625000000007 0.04765625
0 0.34721875 0.274984375 0.041671875000000025 0.08006250000000001
0 0.267078125 0.26687500000000003 0.038765625000000005 0.04996875000000003
0 0.16551562499999992 0.27209374999999997 0.07176562500000001 0.06732812500000004
0 0.08564062499999991 0.25790625 0.06481249999999998 0.06328125
0 0.540515625 0.27903125 0.07870312500000001 0.06732812499999996
0 0.644671875 0.30103125 0.05787499999999994 0.06271874999999998
0 0.952546875 0.279609375 0.08101562499999986 0.06850000000000005
0 0.45081249999999995 0.26687500000000003 0.049765625000000036 0.056906250000000026
0 0.201671875 0.252703125 0.04456249999999997 0.07368750000000004
5 0.597515625 0.277875 0.07234374999999993 0.06501562500000002
0 0.384265625 0.262828125 0.03703125000000007 0.03490624999999996
0 0.021875 0.32890625 0.04375 0.1671875