0 0.2171875 0.448046875 0.08682812499999999 0.10837500000000003
1 0.61484375 0.45703125 0.07678124999999998 0.09910937499999992
1 0.9453125 0.451453125 0.109375 0.13951562499999995
1 0.4068125 0.3448125 0.05915625000000002 0.08404687500000003
0 0.83928125 0.42371875000000003 0.08860937500000006 0.06529687499999995
5 0.327015625 0.3130625 0.06473437500000001 0.09485937499999997
0 0.131859375 0.28990625 0.03582812500000001 0.04587500000000002
0 0.272984375 0.2854375 0.03482812500000003 0.03806250000000002
0 0.57996875 0.295421875 0.043859375000000075 0.03235937499999997
0 0.656078125 0.29140625 0.031140624999999922 0.03973437500000001
0 0.630578125 0.259484375 0.024546875000000058 0.04129687500000001
0 0.54821875 0.255578125 0.029234375000000055 0.03504687500000001
0 0.595421875 0.23717187499999998 0.02120312500000008 0.03235937499999997
0 0.8243281250000001 0.27131249999999996 0.0397343750000001 0.02589062499999999
5 0.91796875 0.262828125 0.05915624999999984 0.05692187500000001