1 0.6829375000000001 0.4173125 0.07682812499999994 0.11067187500000002
1 0.376296875 0.447921875 0.08332812500000002 0.09114062500000006
1 0.12370312499999994 0.48371875 0.09635937500000001 0.11067187500000006
1 0.541015625 0.32942187500000003 0.061203124999999935 0.07292187500000002
1 0.9817656250000001 0.310546875 0.033859375000000115 0.061203125000000025
1 0.8671875 0.28776562499999997 0.041671875000000115 0.044265624999999975
0 0.7239531250000001 0.28450000000000003 0.046875 0.045578125000000025
0 0.4108125 0.28840625000000003 0.02995312499999998 0.037765625000000025
0 0.334640625 0.28254687500000003 0.041671875000000025 0.036453124999999975
2 0.061843750000000065 0.27214062499999997 0.08464062500000001 0.08332812499999998
0 0.16926562500000006 0.25910937500000003 0.033859375000000025 0.033859375000000025
0 0.368484375 0.255859375 0.028640624999999975 0.037765625000000025