1 0.8609375 0.3890625 0.0484375 0.1046875
1 0.9296875 0.40859375 0.046875 0.09375
0 0.2515625 0.4328125 0.0421875 0.1046875
0 0.35234375 0.44140625 0.046875 0.1109375
0 0.7515625 0.44296875 0.0203125 0.0609375
1 0.53125 0.44296875 0.015625 0.053125
1 0.44375 0.44375 0.0203125 0.0390625
1 0.19140625 0.44609375 0.0390625 0.08125
1 0.0875 0.459375 0.0234375 0.0484375
0 0.659375 0.46015625 0.0390625 0.1015625
0 0.01875 0.465625 0.0375 0.0890625
1 0.59609375 0.46640625 0.028125 0.084375
0 0.40703125 0.47734375 0.025 0.0671875
0 0.721875 0.4828125 0.0296875 0.0734375