0 0.65625 0.78125 0.25 0.340625
5 0.80390625 0.5859375 0.1953125 0.24375
0 0.05078125 0.57734375 0.1015625 0.2953125
0 0.34765625 0.4484375 0.1890625 0.1890625
0 0.14765625 0.375 0.1140625 0.1296875
0 0.07578125 0.3390625 0.0703125 0.1140625
0 0.5359375 0.43671875 0.134375 0.153125
0 0.5421875 0.2734375 0.096875 0.13125
0 0.36953125 0.26875 0.0890625 0.1046875
0 0.1515625 0.26953125 0.078125 0.0625
0 0.203125 0.23671875 0.0625 0.0765625
0 0.28359375 0.24140625 0.0671875 0.0921875
0 0.46875 0.24453125 0.05 0.06875