0 0.279796875 0.53896875 0.12095312499999995 0.13340625
0 0.8726875 0.303921875 0.050921874999999873 0.05460937499999998
0 0.4265 0.48425 0.05903124999999996 0.10618750000000006
0 0.13860937499999998 0.37398437500000004 0.06307812500000001 0.08125
0 0.36778125 0.33576562499999996 0.05845312499999995 0.09978125000000002
0 0.8686406249999999 0.26978125 0.038203125000000074 0.04184375000000005
2 0.578421875 0.30451562499999996 0.13251562500000008 0.12523437499999995
5 0.52575 0.40784374999999995 0.09664062500000004 0.13395312500000003
5 0.682296875 0.27671875 0.0868125000000001 0.062703125
2 0.9748281249999999 0.31262500000000004 0.05034375000000004 0.13449999999999998
2 0.73321875 0.270640625 0.04282812499999995 0.09568750000000001
2 0.037906249999999996 0.32796875000000003 0.07234375 0.18254687499999997
0 0.273140625 0.360953125 0.101859375 0.11657812500000002