0 0.22639062499999998 0.45503125000000005 0.05953125 0.07653125
2 0.053125 0.50596875 0.106265625 0.298359375
0 0.08499999999999999 0.31025 0.026750000000000003 0.034515625
0 0.552828125 0.46153125 0.048343750000000005 0.0714375
1 0.9598281249999999 0.47403125 0.073265625 0.0990625
0 0.804109375 0.435953125 0.069125 0.054156249999999996
0 0.363046875 0.29584375 0.025546875000000004 0.03175
0 0.161421875 0.29190625 0.02615625 0.029078125
0 0.457125 0.299109375 0.025875 0.027859375
0 0.645671875 0.288640625 0.02046875 0.030359375
0 0.58025 0.297140625 0.025062499999999998 0.029140624999999996