1 0.9338749999999999 0.41373437500000004 0.07912500000000015 0.0859375
1 0.68721875 0.422875 0.07645312499999993 0.08214062500000008
1 0.0453125 0.4811875 0.0859375 0.11707812499999992
0 0.4213125 0.486390625 0.06182812500000008 0.1015625
0 0.13756249999999995 0.415125 0.08493750000000003 0.08537499999999998
0 0.849609375 0.280015625 0.03962499999999984 0.044859374999999965
1 0.703734375 0.25770312500000003 0.03693749999999998 0.04620312499999999
0 0.51484375 0.284203125 0.039953125000000075 0.03782812499999997
0 0.35535937500000003 0.293859375 0.03370312499999999 0.03482812500000003
0 0.41696875 0.28895312500000003 0.04375 0.039281249999999976
0 0.46378125 0.25290625 0.03359375 0.02879687500000001
1 0.28650000000000003 0.24676562500000002 0.030140625000000032 0.03548437499999997
0 0.14056250000000006 0.255140625 0.03381249999999998 0.03526562499999999
0 0.18175000000000008 0.25206249999999997 0.03046875 0.03292187499999999
5 0.08650000000000002 0.25340625 0.03995312499999999 0.05970312499999997