0 0.14778125 0.614578125 0.15234375 0.192703125
0 0.151046875 0.35871875000000003 0.078125 0.102859375
0 0.430984375 0.481125 0.0859375 0.092453125
0 0.522140625 0.4108125 0.067703125 0.07421875
0 0.68684375 0.28254687500000003 0.048171874999999996 0.0625
0 0.865234375 0.32682812499999997 0.061203125000000004 0.049484375000000004
2 0.574875 0.30207812500000003 0.134109375 0.098953125
1 0.768234375 0.23893749999999997 0.046875 0.045578125000000004
0 0.9739531250000001 0.3046875 0.052078124999999996 0.046875
0 0.26106250000000003 0.38151562499999997 0.069015625 0.049484375000000004
0 0.740234375 0.29753124999999997 0.032546874999999996 0.032546874999999996