0 0.942921875 0.46373437500000003 0.09653124999999996 0.12143750000000005
0 0.5705312499999999 0.48778125 0.07857812499999994 0.08181250000000002
0 0.215234375 0.46690624999999997 0.08270312500000002 0.09431250000000002
0 0.325890625 0.41735937500000003 0.07298437499999996 0.07354687500000004
0 0.8074843749999999 0.431234375 0.07735937499999998 0.06867187500000002
1 0.0614375 0.33259375 0.06015625 0.062281250000000024
0 0.165515625 0.29118750000000004 0.03795312499999999 0.03973437500000001
0 0.352125 0.2999375 0.041078125000000035 0.03806250000000002
0 0.46120312500000005 0.29803125 0.03896875000000009 0.03803124999999996
0 0.5819375 0.287296875 0.04353125000000002 0.038203124999999984
0 0.66075 0.278546875 0.03134374999999991 0.03682812499999999
0 0.6241875 0.2606875 0.026015624999999966 0.038203124999999984
0 0.73496875 0.276578125 0.038124999999999964 0.029109374999999993
0 0.8265781249999999 0.267125 0.03142187499999984 0.03271875
5 0.92621875 0.268765625 0.08009374999999999 0.07768750000000005