1 0.92853125 0.45878125000000003 0.13946874999999997 0.17334375000000007
1 0.033859374999999935 0.381203125 0.06770312499999989 0.10153125000000003
1 0.17534375000000005 0.298140625 0.09375 0.13332812499999996
1 0.02951562499999998 0.277875 0.03818750000000008 0.07196875
0 0.9123281249999999 0.344734375 0.08854687500000011 0.07026562500000004
0 0.7951406249999999 0.409859375 0.09721875000000005 0.12759374999999995
0 0.616890625 0.41332812499999994 0.13426562499999992 0.1067499999999999
0 0.42592187499999995 0.3783125 0.11342187500000005 0.10964062499999994
0 0.17650000000000005 0.38525 0.08448437499999999 0.07490624999999991
0 0.012156249999999957 0.31203125 0.024312499999999914 0.07776562499999998
5 0.498265625 0.349953125 0.09375 0.122359375
2 0.27690625 0.387 0.13715624999999995 0.17562499999999998