0 0.883828125 0.5375 0.10896875000000002 0.09751562499999995
0 0.2974375 0.44992187499999997 0.06950000000000003 0.08431250000000005
1 0.63828125 0.458296875 0.07489062499999992 0.10896875000000002
1 0.458953125 0.337109375 0.057328125000000084 0.08532812500000002
1 0.345125 0.30870312499999997 0.05184375000000001 0.05895312500000003
0 0.2729375 0.292 0.03590625000000003 0.033890624999999994
0 0.10359375 0.292921875 0.03956249999999999 0.05337500000000004
0 0.157921875 0.29495312500000004 0.03743750000000001 0.029828124999999962
0 0.6540625 0.28698437499999996 0.026109375000000056 0.041359374999999955
0 0.393109375 0.297328125 0.03621875000000001 0.03967187499999998
0 0.581734375 0.291921875 0.045906249999999996 0.03192187500000001
0 0.5370468749999999 0.25606249999999997 0.03556249999999998 0.028187500000000032
0 0.9163593750000001 0.26703125 0.029312499999999984 0.03587499999999997
0 0.8205 0.240328125 0.0350468750000001 0.027531250000000007