1 0.070609375 0.40696875 0.09953125 0.12875
1 0.3194375 0.43042187500000006 0.104171875 0.172171875
1 0.649890625 0.504203125 0.140046875 0.12184375
1 0.47975 0.34387500000000004 0.098375 0.12060937499999999
1 0.9583281250000001 0.427515625 0.083328125 0.13165625
1 0.84028125 0.38092187499999997 0.076390625 0.13915625
1 0.317125 0.30856249999999996 0.0648125 0.056921875
1 0.172171875 0.3140625 0.11168750000000001 0.106125
0 0.2945625 0.27325 0.06828125 0.09048437499999999
1 0.343453125 0.29293749999999996 0.07928125 0.088171875
1 0.815390625 0.232734375 0.047453125 0.051109375
0 0.032125 0.32101562499999997 0.0538125 0.12696875000000002
0 0.57234375 0.3076875 0.06828125 0.0725625
0 0.536171875 0.23562500000000003 0.054984374999999995 0.06384375
0 0.652203125 0.2709375 0.047453125 0.07196875
0 0.758109375 0.265140625 0.050921875000000005 0.067328125
0 0.8278281249999999 0.27846875 0.0758125 0.087015625
0 0.9155156249999999 0.253 0.074078125 0.0846875
0 0.600109375 0.23650000000000002 0.061343749999999996 0.069046875
0 0.4655625 0.277875 0.0735 0.07196875
0 0.710640625 0.24315625000000002 0.039359375 0.058062499999999996
0 0.6070625 0.411890625 0.13773437500000002 0.11428125