1 0.07523437499999999 0.40639062499999995 0.11573437499999999 0.15537499999999999
1 0.325234375 0.43071875000000004 0.136578125 0.266515625
1 0.67853125 0.497265625 0.14525 0.184359375
1 0.9713593749999999 0.46109375 0.057296875000000004 0.18492187499999999
1 0.429109375 0.333171875 0.097796875 0.11656249999999999
1 0.34721875 0.311453125 0.083328125 0.104390625
1 0.98090625 0.3039375 0.0381875 0.1101875
1 0.820890625 0.225203125 0.054984374999999995 0.077734375
0 0.565390625 0.280484375 0.0960625 0.07370312500000001
0 0.65509375 0.279046875 0.039359375 0.088171875
0 0.7092031249999999 0.248359375 0.032984374999999996 0.082375
0 0.7531875 0.2700625 0.051500000000000004 0.080640625
0 0.9270781250000001 0.277296875 0.0555625 0.084703125
0 0.021984375 0.30856249999999996 0.043984375 0.105546875
5 0.11053125 0.288875 0.082171875 0.080078125
0 0.266203125 0.284828125 0.067125 0.10670312500000001
0 0.59925 0.4214375 0.063078125 0.102125
0 0.8298593750000001 0.388453125 0.104171875 0.1403125
0 0.8206093750000001 0.27151562500000004 0.057874999999999996 0.05923437499999999
0 0.526046875 0.24489062499999997 0.052078124999999996 0.06153125
0 0.617765625 0.260515625 0.023734375 0.058062499999999996
0 0.45890624999999996 0.289453125 0.05671875 0.088171875