4 0.8571406250000001 0.4845 0.16453125 0.360546875
0 0.95234375 0.42578125 0.0484375 0.103125
1 0.24665625000000002 0.42318749999999994 0.031171874999999998 0.0689375
1 0.362421875 0.44615625000000003 0.029515625 0.0733125
1 0.44396874999999997 0.44203125 0.013796875 0.028703125000000003
1 0.6921875 0.43828125 0.0234375 0.046875
1 0.75625 0.44453125 0.0234375 0.0640625
1 0.53046875 0.44171875 0.017359375 0.038125
1 0.19696875 0.44675000000000004 0.029359375 0.067109375
0 0.01875 0.45 0.0375 0.1140625
1 0.08303125 0.460625 0.018671874999999998 0.0374375
0 0.60234375 0.4609375 0.0359375 0.0765625
1 0.65403125 0.46865625 0.02284375 0.07153125
1 0.40570312499999994 0.47592187499999994 0.023328124999999998 0.042421875
0 0.7234375 0.48125 0.028125 0.0609375
1 0.333890625 0.44623437499999996 0.016 0.035578125