1 0.146875 0.39453125 0.0453125 0.096875
0 0.0625 0.4140625 0.0453125 0.0984375
0 0.46640625 0.4453125 0.0203125 0.0421875
0 0.78359375 0.446875 0.025 0.05625
1 0.98046875 0.44765625 0.0390625 0.0828125
0 0.240625 0.44765625 0.021875 0.053125
0 0.5578125 0.44765625 0.015625 0.034375
1 0.91328125 0.453125 0.021875 0.040625
0 0.72265625 0.45546875 0.0328125 0.08125
0 0.81640625 0.4640625 0.03125 0.071875
1 0.3453125 0.465625 0.0296875 0.0796875
0 0.64375 0.4671875 0.0328125 0.071875
0 0.3890625 0.46796875 0.03125 0.065625
1 0.6015625 0.4765625 0.0234375 0.05625
0 0.27578125 0.48671875 0.028125 0.05625