1 0.647140625 0.4954375 0.078125 0.10026562499999994
1 0.31640625 0.419921875 0.078125 0.11067187500000002
1 0.46159375 0.32292187499999997 0.05859375 0.0859375
0 0.8229218749999999 0.4016875 0.078125 0.08203125
0 0.966796875 0.549484375 0.06640625 0.10676562500000006
0 0.1360625 0.29231250000000003 0.04296875 0.04296875
0 0.337890625 0.30729687499999997 0.053390625000000025 0.049484375000000025
0 0.662109375 0.279296875 0.03515625 0.040359374999999975
0 0.583328125 0.263671875 0.0390625 0.04296875
0 0.5358125 0.24739062500000003 0.029953124999999935 0.0390625
5 0.8072968749999999 0.24479687499999997 0.06510937500000002 0.078125
5 0.9362031249999999 0.27082812500000003 0.1015625 0.09635937500000002
0 0.87109375 0.25520312500000003 0.028640624999999885 0.046875