1 0.9120312500000001 0.387578125 0.15509374999999997 0.14204687499999996
1 0.7100625 0.43735937500000005 0.1006874999999999 0.15134375000000003
1 0.35532812500000005 0.51115625 0.17823437500000003 0.14964062499999997
1 0.03515625 0.4625 0.0703125 0.228125
1 0.532125 0.36529687499999997 0.0711875000000001 0.11484374999999995
0 0.4149375 0.4168125 0.11457812500000002 0.15537500000000004
0 0.210640625 0.396546875 0.12731250000000002 0.17735937500000004
0 0.829 0.32042187499999997 0.08854687500000002 0.08414062500000004
0 0.649890625 0.33171875 0.13078125000000007 0.12407812499999996
0 0.7170156249999999 0.274984375 0.06596875000000005 0.07312500000000002
0 0.427953125 0.28771874999999997 0.06423437500000002 0.07776562499999998
0 0.358796875 0.29118750000000004 0.05323437499999999 0.07081249999999999
0 0.29484374999999996 0.256171875 0.038765625000000005 0.05979687499999997
0 0.22859375 0.268625 0.03587499999999997 0.053437499999999985
0 0.09779687500000005 0.257046875 0.054390625000000005 0.05806249999999995
0 0.458328125 0.248078125 0.048609375000000024 0.07137500000000001
0 0.973671875 0.3195625 0.04918750000000003 0.127546875
1 0.155671875 0.240265625 0.070609375 0.09393750000000001
1 0.17592187500000006 0.277296875 0.06481250000000001 0.09164062499999996
0 0.313078125 0.2709375 0.07523437499999996 0.09279687499999997