1 0.026625 0.43853125000000004 0.053234375000000014 0.07723437499999992
1 0.39321875000000006 0.39915625 0.060765624999999976 0.08415625000000002
1 0.09923437499999999 0.34328125 0.070015625 0.06387499999999999
1 0.7557968749999999 0.343 0.046296874999999994 0.045937499999999964
1 0.9201406249999999 0.419140625 0.08334374999999987 0.08821875000000005
0 0.250578125 0.390765625 0.045140624999999976 0.056937499999999995
0 0.34925 0.41015625 0.05614062500000001 0.07142187500000005
0 0.8428906250000001 0.38351562499999997 0.06423437499999984 0.06448437499999997
0 0.7971718749999999 0.333453125 0.053828125000000074 0.05809375000000001
5 0.554109375 0.38351562499999997 0.09779687500000005 0.11310937499999998
0 0.98090625 0.32709375 0.03818750000000008 0.05229687499999995