0 0.7743125 0.25040625 0.15971875 0.19409375
2 0.079859375 0.5369375 0.15971875 0.392171875
0 0.347796875 0.32360937500000003 0.098375 0.08703125
0 0.15046874999999998 0.300453125 0.071765625 0.075453125
0 0.49565625 0.29090625000000003 0.057296875000000004 0.052875000000000005
0 0.625875 0.28946875 0.046875 0.11596875
0 0.049765625 0.32014062499999996 0.09953125 0.073140625
0 0.1898125 0.27759375 0.053234375 0.07485937499999999
0 0.297453125 0.32014062499999996 0.060187500000000005 0.08703125
0 0.386578125 0.293796875 0.050921875000000005 0.065609375
0 0.583625 0.25009375 0.031828125 0.065
0 0.87615625 0.260515625 0.050921875000000005 0.08584375
0 0.958625 0.265140625 0.05265625 0.067328125
2 0.59028125 0.471234375 0.166671875 0.292015625
2 0.8828125 0.455609375 0.14409375 0.26075
5 0.43981250000000005 0.28454687500000003 0.09490625 0.08875