1 0.281828125 0.483375 0.15393749999999998 0.18434375000000003
1 0.16637500000000002 0.600328125 0.20428125000000003 0.348796875
1 0.03515625 0.321875 0.0703125 0.0875
1 0.035875000000000004 0.451546875 0.06481250000000001 0.19012500000000004
1 0.52921875 0.3635625 0.08275000000000006 0.13915625000000004
0 0.28645312500000003 0.34271875 0.07985937500000002 0.12525000000000003
0 0.37760937499999997 0.345046875 0.13368750000000001 0.19239062499999995
0 0.470203125 0.44632812499999996 0.11053125000000001 0.12414062500000003
0 0.5436875 0.280203125 0.05614062499999992 0.08354687499999995
0 0.7210625 0.27209374999999997 0.06712500000000006 0.07428125000000003
0 0.87615625 0.33199999999999996 0.12731250000000002 0.09340625000000005
0 0.885703125 0.270640625 0.0873906250000001 0.09568750000000001
5 0.683734375 0.3525625 0.155671875 0.15187500000000004
2 0.984375 0.34128125 0.03125 0.21612499999999998
0 0.1429375 0.413625 0.09837500000000002 0.15943749999999998