1 0.360765625 0.5031875 0.07667187499999999 0.09943749999999998
1 0.7007187500000001 0.43131250000000004 0.06551562499999992 0.09095312500000001
1 0.9365 0.41785937500000003 0.06451562499999994 0.07946875000000002
0 0.22493749999999996 0.392125 0.06150000000000002 0.06998437500000003
1 0.52790625 0.334265625 0.10490624999999998 0.11942187500000001
0 0.65959375 0.310828125 0.04732812499999994 0.05379687500000001
0 0.842796875 0.301171875 0.03984375 0.04564062499999997
0 0.979859375 0.330796875 0.040281249999999956 0.054906249999999976
0 0.70909375 0.280078125 0.03448437500000008 0.03404687500000003
0 0.41115625 0.294078125 0.038171874999999966 0.029468750000000023
0 0.460875 0.25071875 0.03448437500000008 0.03626562499999997
0 0.34503125 0.284484375 0.02801562500000001 0.03214062499999999
0 0.25017187500000004 0.280015625 0.03984375 0.02254687500000001
5 0.08678124999999995 0.256859375 0.04967187499999999 0.05993750000000002