1 0.910015625 0.398 0.14873437500000009 0.13510937499999995
1 0.693 0.39885937499999996 0.12442187499999999 0.147265625
1 0.367765625 0.477 0.1498906250000001 0.12993749999999996
1 0.02690625000000004 0.4324375 0.0538125 0.1658125
1 0.53125 0.33576562499999996 0.09028124999999995 0.11135937499999997
0 0.9583281250000001 0.310296875 0.08332812499999989 0.11596874999999995
0 0.72078125 0.2645625 0.034140625000000036 0.04532812499999998
0 0.6614531250000001 0.3045 0.07985937500000002 0.07660937499999995
0 0.46296875000000004 0.23735937499999998 0.06018749999999997 0.08120312499999996
0 0.406546875 0.28078125 0.05150000000000006 0.06385937500000001
0 0.34085937499999996 0.27671875 0.06828124999999999 0.09048437500000003
0 0.256359375 0.26571875 0.042828125000000036 0.04765625
0 0.08217187500000005 0.25993750000000004 0.050921875000000005 0.09164062499999996
0 0.171875 0.266015625 0.07292187500000002 0.07253125000000002
0 0.3680625 0.252984375 0.041671875000000025 0.04995312499999995
1 0.16724999999999995 0.21653125 0.07523437499999996 0.08120312499999996
5 0.8454843750000001 0.29698437499999997 0.07292187500000011 0.061562499999999964
0 0.40625 0.420578125 0.0625 0.180265625
0 0.28125 0.4058125 0.125 0.11948437500000005