4 0.057874999999999996 0.554015625 0.11573437499999999 0.36034375
2 0.614578125 0.45385937500000006 0.1875 0.222546875
2 0.807578125 0.44692187499999997 0.11168750000000001 0.201703125
4 0.327546875 0.397421875 0.148140625 0.21731250000000002
0 0.0381875 0.343296875 0.0555625 0.13334375
0 0.11573437499999999 0.2856875 0.057874999999999996 0.056343750000000005
0 0.182296875 0.272375 0.06596874999999999 0.071390625
0 0.27575 0.288015625 0.04109375 0.054031249999999996
0 0.36457812500000003 0.289453125 0.083328125 0.088171875
0 0.4609375 0.280203125 0.064234375 0.06965625
0 0.54021875 0.29409375 0.08390625 0.08354687499999999
0 0.582171875 0.276140625 0.074078125 0.08932812500000001
0 0.6640625 0.277296875 0.060765625000000004 0.056921875
0 0.739578125 0.25212500000000004 0.0694375 0.08642187500000001
0 0.804109375 0.23735937499999998 0.028359375 0.039531250000000004
0 0.8567656250000001 0.259359375 0.036453124999999996 0.069640625
0 0.9456093750000001 0.26225 0.09953125 0.10321875
1 0.9444375 0.505953125 0.111109375 0.20173437500000002