0 0.070890625 0.44315625000000003 0.0758125 0.16985937499999998
2 0.6006875 0.45385937500000006 0.19443749999999999 0.173921875
2 0.8532968750000001 0.470078125 0.203125 0.22717187499999997
4 0.363421875 0.353140625 0.136578125 0.166921875
0 0.046296875 0.302203125 0.09259375 0.11365624999999999
0 0.196765625 0.28425 0.039359375 0.09165625
0 0.490734375 0.285984375 0.071765625 0.07428125
0 0.61515625 0.2874375 0.06365625 0.059812500000000005
0 0.6851875 0.284828125 0.057874999999999996 0.065015625
0 0.7624375 0.268625 0.070015625 0.088171875
0 0.87615625 0.25096875 0.03703125 0.05632812499999999
0 0.9664375 0.24720312500000002 0.043984375 0.128671875
0 0.83940625 0.25096875 0.05034375 0.07021875
5 0.451390625 0.2810625 0.076390625 0.095703125
1 0.146984375 0.28859375 0.0648125 0.062125
0 0.38542187499999997 0.286859375 0.0694375 0.10728125
0 0.292828125 0.28135937499999997 0.085640625 0.09975
0 0.59028125 0.250671875 0.03471875 0.052265625