0 0.581015625 0.28309375000000003 0.057874999999999996 0.054609375
0 0.65625 0.27325 0.0555625 0.05575
0 0.7890625 0.25965625000000003 0.046875 0.080640625
0 0.86603125 0.25240625 0.027203125 0.069640625
0 0.91059375 0.24142187499999998 0.0399375 0.075421875
0 0.79803125 0.22781250000000003 0.047453125 0.07946875
0 0.541375 0.24893749999999998 0.051500000000000004 0.0626875
0 0.63484375 0.257625 0.040515625 0.08006250000000001
0 0.173609375 0.2819375 0.0625 0.087015625
0 0.5850625 0.40059374999999997 0.0868125 0.12990625
0 0.8263906249999999 0.389890625 0.0694375 0.13973437500000002
5 0.11284374999999999 0.29871875000000003 0.052078124999999996 0.085859375
5 0.278359375 0.28714062500000004 0.05671875 0.06965625
1 0.030375000000000003 0.43590625000000005 0.057296875000000004 0.17275000000000001
1 0.027203125 0.29698437499999997 0.054390625000000005 0.110171875
1 0.320609375 0.395390625 0.106484375 0.16115625
1 0.658859375 0.47671875 0.10590625000000001 0.174515625
1 0.94096875 0.46340624999999996 0.1180625 0.210390625
1 0.364296875 0.29525 0.07234375 0.10670312500000001
1 0.486984375 0.318984375 0.060765625000000004 0.126390625
1 0.467296875 0.28425 0.070015625 0.09859375000000001