1 0.8005625000000001 0.637078125 0.1675625 0.21190625000000002
0 0.6068749999999999 0.527453125 0.09378124999999997 0.132828125
0 0.49921875 0.47284375 0.098828125 0.08879687500000007
0 0.7260625 0.39262500000000006 0.09154687500000006 0.06273437500000001
5 0.6292187499999999 0.345171875 0.07901562500000008 0.09417187499999997
1 0.925359375 0.162453125 0.042984374999999984 0.05193750000000001
0 0.435390625 0.25915625000000003 0.041312500000000085 0.05515625000000002
0 0.32837500000000003 0.30521875 0.06403125000000003 0.04934374999999998
0 0.155859375 0.324671875 0.06150000000000002 0.059765625
0 0.24996875000000002 0.284609375 0.04376562499999999 0.043187499999999976
0 0.02734375 0.29140625 0.0546875 0.0546875