1 0.9270781250000001 0.41796875 0.1015625 0.1015625
1 0.6744843749999999 0.41471875 0.1015625 0.11067187500000002
1 0.359375 0.407546875 0.08073437500000002 0.1015625
1 0.0359375 0.45390625 0.071875 0.1234375
1 0.55859375 0.32682812499999997 0.0703125 0.07551562499999998
0 0.8548125000000001 0.283203125 0.040359374999999885 0.040359374999999975
0 0.6575468750000001 0.30989062500000003 0.057296874999999935 0.052078124999999975
0 0.720703125 0.27734375 0.037765624999999935 0.044265624999999975
0 0.34309375 0.27734375 0.03515625 0.044265624999999975
0 0.415359375 0.287109375 0.0390625 0.037765625000000025
0 0.47590625 0.26237499999999997 0.037765624999999935 0.04296875
5 0.06706249999999994 0.27018749999999997 0.09245312500000001 0.08984375
0 0.13737499999999994 0.255859375 0.032546874999999975 0.037765625000000025
0 0.18293750000000006 0.2421875 0.02734375 0.033859375000000025
1 0.294921875 0.251953125 0.024734374999999975 0.032546874999999975
5 0.240234375 0.27278125000000003 0.07160937499999998 0.06901562500000002