0 0.41898437499999996 0.28309375000000003 0.05787499999999999 0.05460937499999998
0 0.34375 0.27325 0.0555625 0.05575000000000001
0 0.2109375 0.25965625000000003 0.046875 0.08064062500000002
0 0.13396875000000003 0.25240625 0.027203124999999995 0.06964062499999998
0 0.08940625000000005 0.24142187499999998 0.0399375 0.07542187499999997
0 0.20196874999999997 0.22781250000000003 0.047453125000000006 0.07946875000000002
0 0.45862499999999995 0.24893749999999998 0.05150000000000006 0.06268750000000001
0 0.36515624999999996 0.257625 0.04051562500000001 0.08006250000000001
0 0.8263906249999999 0.2819375 0.0625 0.087015625
0 0.4149375 0.40059374999999997 0.08681250000000004 0.12990624999999997
0 0.173609375 0.389890625 0.0694375 0.13973437500000002
5 0.88715625 0.29871875000000003 0.052078124999999885 0.08585937499999999
5 0.721640625 0.28714062500000004 0.05671874999999993 0.06965624999999998
1 0.969625 0.43590625000000005 0.057296875000000115 0.17274999999999996
1 0.972796875 0.29698437499999997 0.054390624999999915 0.11017187499999999
1 0.679390625 0.395390625 0.10648437499999996 0.16115624999999997
1 0.341140625 0.47671875 0.10590624999999995 0.17451562500000004
1 0.05859375 0.4625 0.1171875 0.209375
1 0.635703125 0.29525 0.07234374999999993 0.10670312500000004
1 0.513015625 0.318984375 0.060765624999999976 0.12639062499999998
1 0.532703125 0.28425 0.0700156250000001 0.09859375000000004