1 0.3203125 0.4140625 0.091140625 0.1171875
0 0.626296875 0.449875 0.083328125 0.108078125
0 0.896484375 0.515625 0.102859375 0.119796875
1 0.4655 0.32942187500000003 0.069015625 0.0859375
1 0.115234375 0.29167187499999997 0.037765625000000004 0.0546875
0 0.27473437500000003 0.28254687500000003 0.036453124999999996 0.044265624999999996
2 0.935546875 0.275390625 0.087234375 0.092453125
0 0.83203125 0.26237499999999997 0.03125 0.032546874999999996
0 0.66796875 0.28190624999999997 0.036453124999999996 0.037765625000000004
0 0.587234375 0.28515625 0.036453124999999996 0.041671875000000004
0 0.630859375 0.255859375 0.02734375 0.037765625000000004