5 0.240734375 0.530859375 0.22453125 0.26540625
5 0.666671875 0.277296875 0.0694375 0.0708125
0 0.51678125 0.451546875 0.116890625 0.14845312500000002
0 0.864875 0.318984375 0.101265625 0.091671875
0 0.56365625 0.274984375 0.0648125 0.066171875
0 0.7282968750000001 0.288015625 0.092015625 0.1304375
0 0.9748281249999999 0.27354687499999997 0.05034375 0.12232812500000001
0 0.2665 0.37107812500000004 0.064234375 0.0916875
0 0.36921875000000004 0.3149375 0.09953125 0.146078125
0 0.38484375000000004 0.46775 0.12384375 0.180875
1 0.04340625 0.4341875 0.0868125 0.1970625
1 0.049765625 0.310296875 0.078703125 0.10903125
0 0.886859375 0.2663125 0.08275 0.104375