0 0.6454375 0.8200937500000001 0.191875 0.293796875
0 0.7521093750000001 0.5588124999999999 0.2046875 0.234765625
0 0.388921875 0.45140624999999995 0.17365625 0.20746875
0 0.05275 0.560125 0.105484375 0.23478125
0 0.5465312499999999 0.42315625 0.145109375 0.161359375
0 0.14275 0.3753125 0.100578125 0.13860937499999998
0 0.07471875 0.340625 0.09992187500000001 0.136921875
0 0.36515624999999996 0.263328125 0.08445312499999999 0.11256250000000001
0 0.530046875 0.2875625 0.09390625 0.11673437499999999
0 0.285296875 0.24167187499999998 0.06534375 0.08484375
0 0.47564062500000004 0.24490625000000002 0.0528125 0.07309375