0 0.910015625 0.382671875 0.156828125 0.205140625
0 0.43546874999999996 0.2828125 0.10359375 0.14084375
0 0.78009375 0.17079687500000001 0.060187500000000005 0.100859375
0 0.2476875 0.22926562499999997 0.085640625 0.14140625
0 0.174484375 0.18759375 0.08159374999999999 0.15528124999999998
0 0.540515625 0.18353124999999998 0.074078125 0.119390625
0 0.63078125 0.12478125 0.08796875 0.109515625
0 0.40393749999999995 0.12159374999999999 0.078703125 0.113578125
0 0.739578125 0.11146875 0.0555625 0.110671875
0 0.97221875 0.616515625 0.0555625 0.28396875
1 0.70428125 0.18817187500000002 0.089125 0.149484375
1 0.8802031250000001 0.22926562499999997 0.05903125 0.113625
1 0.838828125 0.091203125 0.063078125 0.10487500000000001