0 0.7479687499999998 0.47209375 0.2019687499999999 0.24165624999999996
0 0.5399375 0.450375 0.12846875000000005 0.10445312500000004
0 0.47309375 0.3626875 0.09895312500000006 0.11309374999999999
0 0.12268749999999998 0.33981249999999996 0.046296874999999994 0.08473437500000003
0 0.10850000000000008 0.272671875 0.09201562499999999 0.13795312500000004
0 0.874421875 0.381203125 0.10532812500000013 0.10848437500000001
0 0.6273125 0.331140625 0.11342187500000005 0.1368125
0 0.028125 0.30546875 0.05625 0.1765625
2 0.460640625 0.30740625 0.16203125000000002 0.16574999999999998
5 0.29253125 0.387 0.203125 0.15478125000000004
1 0.9640625 0.41875 0.071875 0.1875
1 0.302078125 0.25993750000000004 0.0694375 0.11246875000000003