0 0.596640625 0.41392187500000005 0.10301562500000001 0.14959375
0 0.453703125 0.298421875 0.08796875 0.06792187499999999
0 0.381359375 0.28628125 0.061343749999999996 0.07834375
0 0.592296875 0.27556250000000004 0.070015625 0.08121874999999999
0 0.6805625 0.282515625 0.0555625 0.081234375
0 0.8220468750000001 0.266015625 0.064234375 0.04475
0 0.918984375 0.246625 0.046296875 0.044171875
0 0.8333281250000001 0.37889062500000004 0.09721874999999999 0.12468749999999999
0 0.9835 0.31609375 0.032984374999999996 0.1345
0 0.08246875000000001 0.30565625 0.0711875 0.06503125
4 0.22309375 0.53259375 0.16493750000000001 0.33834375
0 0.33159375 0.354875 0.107640625 0.12871875
0 0.154796875 0.279046875 0.08390625 0.088171875
1 0.277203125 0.25790625 0.082171875 0.049375
1 0.06828125 0.37946875 0.11573437499999999 0.12584375
1 0.938078125 0.47093749999999995 0.112265625 0.176828125
1 0.8188593750000001 0.22839062499999999 0.06828125 0.066734375
1 0.6180625 0.248359375 0.041671875000000004 0.06153125
4 0.161453125 0.268625 0.072921875 0.07428125
4 0.7274375 0.260796875 0.052078124999999996 0.062125
4 0.540515625 0.24112499999999998 0.074078125 0.071375