1 0.85 0.4 0.046875 0.0890625
1 0.9484375 0.415625 0.0390625 0.078125
1 0.24765625 0.42265625 0.0328125 0.078125
1 0.69140625 0.4375 0.0171875 0.040625
1 0.75703125 0.44296875 0.0203125 0.0515625
1 0.528125 0.44296875 0.01875 0.040625
1 0.19609375 0.44375 0.034375 0.06875
1 0.44375 0.44453125 0.015625 0.0328125
1 0.334375 0.4453125 0.01875 0.04375
1 0.36484375 0.44609375 0.03125 0.078125
0 0.015625 0.45703125 0.03125 0.084375
0 0.6421875 0.459375 0.0203125 0.071875
1 0.084375 0.459375 0.0203125 0.0390625
1 0.60234375 0.46328125 0.0296875 0.0609375
4 0.40546875 0.478125 0.021875 0.0515625
0 0.72421875 0.48125 0.0234375 0.0625