0 0.6881562499999999 0.21484375 0.06379687500000006 0.0703125
1 0.9173125000000001 0.328125 0.048171874999999885 0.0546875
0 0.9713593749999999 0.33203125 0.046875 0.041671875000000025
0 0.9524687500000001 0.463546875 0.06379687499999989 0.0859375
0 0.7630156250000001 0.4420625 0.08332812499999998 0.11067187500000002
1 0.369140625 0.42903125 0.07942187500000002 0.09765625
1 0.028640625000000065 0.442703125 0.0546875 0.12239062500000002
0 0.19792187499999994 0.4296875 0.08073437500000002 0.07551562500000002
0 0.5345 0.28581249999999997 0.03515625 0.053390625000000025
0 0.41015625 0.28776562499999997 0.0390625 0.044265624999999975
0 0.3391875 0.28515625 0.03515625 0.0390625
5 0.06901562499999994 0.29231250000000003 0.0859375 0.06901562500000002
0 0.17317187500000006 0.26628124999999997 0.03125 0.037765625000000025
0 0.377609375 0.26171875 0.028640624999999975 0.033859375000000025
0 0.869140625 0.279296875 0.04296875 0.05078125