1 0.37095312500000005 0.474984375 0.06828125000000007 0.08070312499999996
1 0.026624999999999944 0.42578125 0.0532343749999999 0.12818749999999995
1 0.7057343749999999 0.428390625 0.0688593749999999 0.08821875000000005
1 0.5329843750000001 0.34271875 0.06134374999999999 0.07660937500000005
1 0.9768437499999999 0.396265625 0.046296874999999814 0.11540625000000002
1 0.17823437500000008 0.23678125 0.03240625000000001 0.03142187500000002
0 0.8663281250000001 0.27903125 0.035890625000000044 0.04417187499999997
0 0.6608750000000001 0.3140625 0.048609375000000024 0.04360937500000004
0 0.7274375 0.29234375 0.03587499999999988 0.03143750000000001
0 0.45196875 0.25906250000000003 0.045140624999999976 0.03317187500000003
0 0.411453125 0.29118750000000004 0.04281249999999996 0.026796874999999963
0 0.348375 0.283671875 0.043984374999999964 0.04185937500000003
0 0.29918750000000005 0.25587499999999996 0.04051562499999992 0.03953125000000002
0 0.08826562500000001 0.26571875 0.02835937500000014 0.03373437499999996
0 0.258109375 0.25790625 0.05323437500000008 0.06328125
0 0.41059375 0.40146875 0.09895312500000006 0.10732812499999991
0 0.14640625000000007 0.430125 0.07985937499999984 0.06390624999999997