1 0.9776562500000001 0.449890625 0.044703124999999996 0.10306249999999999
1 0.6448750000000001 0.47821875 0.058374999999999996 0.078515625
1 0.305 0.431328125 0.048765625 0.07095312499999999
1 0.066328125 0.411421875 0.0481875 0.06809375
1 0.44465625 0.330953125 0.046609374999999995 0.063703125
0 0.133453125 0.28312499999999996 0.027640625000000002 0.033140625
0 0.2744375 0.295484375 0.02459375 0.026187500000000002
0 0.356671875 0.315859375 0.03425 0.0405625
0 0.845125 0.431703125 0.055859375 0.0453125
1 0.8211718749999999 0.23534375000000002 0.020265625000000002 0.02203125
1 0.9622187500000001 0.326515625 0.045515625 0.058359375000000005
0 0.649671875 0.289296875 0.018578125 0.029671874999999997
0 0.58646875 0.29812500000000003 0.02059375 0.026218750000000002
0 0.6169687500000001 0.26187499999999997 0.02178125 0.027609375000000002