1 0.089984375 0.398 0.148734375 0.13510937499999995
1 0.307 0.39885937499999996 0.12442187499999999 0.147265625
1 0.632234375 0.477 0.1498906250000001 0.12993749999999996
1 0.97309375 0.4324375 0.05381250000000008 0.1658125
1 0.46875 0.33576562499999996 0.09028124999999995 0.11135937499999997
0 0.041671875000000004 0.310296875 0.083328125 0.11596874999999995
0 0.27921874999999996 0.2645625 0.034140625000000036 0.04532812499999998
0 0.33854687499999997 0.3045 0.07985937500000002 0.07660937499999995
0 0.53703125 0.23735937499999998 0.06018749999999997 0.08120312499999996
0 0.593453125 0.28078125 0.05150000000000006 0.06385937500000001
0 0.659140625 0.27671875 0.06828125000000007 0.09048437500000003
0 0.743640625 0.26571875 0.04282812499999995 0.04765625
0 0.917828125 0.25993750000000004 0.050921874999999873 0.09164062499999996
0 0.828125 0.266015625 0.07292187500000011 0.07253125000000002
0 0.6319375 0.252984375 0.041671874999999935 0.04995312499999995
1 0.8327500000000001 0.21653125 0.07523437500000014 0.08120312499999996
5 0.154515625 0.29698437499999997 0.07292187499999998 0.061562499999999964
0 0.59375 0.420578125 0.0625 0.180265625
0 0.71875 0.4058125 0.125 0.11948437500000005