4 0.9421250000000001 0.554015625 0.1157343749999999 0.36034375
2 0.385421875 0.45385937500000006 0.1875 0.22254687500000006
2 0.19242187499999996 0.44692187499999997 0.11168750000000002 0.20170312500000004
4 0.672453125 0.397421875 0.14814062499999991 0.21731249999999996
0 0.9618125 0.343296875 0.05556249999999992 0.13334374999999996
0 0.884265625 0.2856875 0.05787499999999994 0.056343750000000005
0 0.8177031250000001 0.272375 0.06596875000000005 0.071390625
0 0.72425 0.288015625 0.04109374999999993 0.054031249999999975
0 0.6354218749999999 0.289453125 0.08332812500000006 0.08817187500000001
0 0.5390625 0.280203125 0.06423437500000002 0.06965624999999998
0 0.45978125 0.29409375 0.08390625000000007 0.08354687499999995
0 0.41782812500000005 0.276140625 0.07407812499999995 0.08932812500000002
0 0.3359375 0.277296875 0.060765624999999976 0.05692187500000001
0 0.260421875 0.25212500000000004 0.0694375 0.08642187500000001
0 0.195890625 0.23735937499999998 0.028359374999999985 0.03953125000000002
0 0.14323437499999994 0.259359375 0.036453124999999975 0.06964062499999998
0 0.054390624999999915 0.26225 0.09953124999999999 0.10321875
1 0.05556249999999992 0.505953125 0.11110937500000002 0.20173437500000002