0 0.699078125 0.738953125 0.21759374999999997 0.2961875
0 0.13165625 0.390765625 0.10706249999999999 0.117171875
0 0.046296875 0.570796875 0.09259375 0.26890625
0 0.50346875 0.3030625 0.09028125000000001 0.1258125
0 0.050921875000000005 0.34184375 0.074078125 0.140875
0 0.3524375 0.290625 0.1006875 0.104390625
0 0.16521875 0.278453125 0.08390625 0.08006250000000001
0 0.288765625 0.24778125 0.070609375 0.08121874999999999
0 0.204859375 0.25878125 0.0694375 0.096265625
4 0.390046875 0.488875 0.141203125 0.150203125
4 0.603015625 0.5939375 0.15740625 0.224921875