1 0.868625 0.61790625 0.12518750000000017 0.19143749999999998
1 0.84015625 0.3560625 0.0946406249999999 0.09895312500000006
1 0.3128125 0.2844375 0.04826562499999998 0.04803125000000001
0 0.51321875 0.483703125 0.10026562499999994 0.07375000000000007
0 0.974671875 0.38725 0.05065625000000011 0.06851562500000004
0 0.6240625000000001 0.365734375 0.06326562500000002 0.048828125
2 0.41745312500000004 0.29621875000000003 0.08378125 0.10876562500000002
0 0.130453125 0.338890625 0.05776562500000004 0.06284375000000005
0 0.25795312499999995 0.28246875 0.04757812500000007 0.05070312499999998
0 0.16423437500000002 0.1760625 0.05895312500000003 0.03439062499999999
0 0.021468750000000016 0.312453125 0.04293750000000003 0.03462500000000004