1 0.691078125 0.41050000000000003 0.07715625 0.09201562499999998
1 0.945375 0.44221875 0.08560937499999995 0.11014062500000002
0 0.794921875 0.39359374999999996 0.09448437500000004 0.07537499999999997
5 0.428921875 0.37312500000000004 0.06707812499999996 0.0938125
5 0.3163125 0.37084374999999997 0.07979687499999999 0.11424999999999996
0 0.603765625 0.4010625 0.05178124999999998 0.06220312500000005
0 0.22032812499999999 0.361078125 0.07023437499999999 0.05409375000000001
0 0.14989062499999992 0.30084374999999997 0.05639062500000001 0.04770312500000005
1 0.07803125000000008 0.332890625 0.06262499999999999 0.08209375000000003
0 0.021937499999999943 0.30946875 0.039203125000000005 0.04667187500000001
5 0.510359375 0.36118750000000005 0.07923437500000005 0.11370312500000002