0 0.7479687499999998 0.47209375 0.20196874999999997 0.24165624999999996
0 0.5399375 0.450375 0.12846875000000005 0.10445312500000004
0 0.47309375 0.3626875 0.09895312500000006 0.11309374999999999
0 0.12268749999999998 0.33981249999999996 0.04629687500000017 0.08473437500000003
0 0.10850000000000008 0.272671875 0.09201562500000016 0.13795312500000004
0 0.874421875 0.381203125 0.10532812500000013 0.10848437500000001
0 0.6273125 0.331140625 0.11342187499999987 0.1368125
0 0.02890625 0.30546875 0.0578125 0.1765625
2 0.460640625 0.30740625 0.16203125000000007 0.16574999999999998
5 0.29253125 0.387 0.203125 0.1547812500000001
1 0.96484375 0.41875 0.0703125 0.1875
1 0.302078125 0.25993750000000004 0.0694374999999999 0.11246875000000003