1 0.35706249999999995 0.42982812499999995 0.11226562500000004 0.150171875
1 0.699359375 0.410734375 0.09085937499999996 0.1466875
1 0.0296875 0.425 0.059375 0.1375
1 0.9600625 0.394234375 0.07985937499999984 0.18662499999999996
0 0.646984375 0.3094375 0.08796874999999993 0.12465625000000005
0 0.535875 0.34387500000000004 0.08101562500000004 0.09978125000000002
0 0.1493124999999999 0.412171875 0.13193749999999999 0.13221875
0 0.08767187500000002 0.249515625 0.04340625 0.07079687500000001
0 0.722515625 0.27440625 0.04456249999999997 0.07890625
0 0.896984375 0.2920625 0.06018749999999997 0.09685937500000001
0 0.8440468750000001 0.29090625000000003 0.058453125000000127 0.143171875
0 0.42476562500000004 0.27671875 0.053234375000000035 0.062703125
0 0.34171874999999996 0.28771874999999997 0.08390624999999999 0.05692187500000001
0 0.47106250000000005 0.23967187499999998 0.06481250000000002 0.06500000000000003
0 0.31828124999999996 0.231 0.05092187500000005 0.05457812500000001
0 0.18403124999999995 0.27209374999999997 0.048609375000000024 0.06039062499999996
0 0.546875 0.28221875 0.052078125000000065 0.07717187499999997
0 0.40509375 0.38670312500000004 0.08564062499999996 0.11600000000000002
0 0.24768749999999998 0.263125 0.046296874999999994 0.07368750000000004
1 0.170140625 0.2388125 0.0625 0.08757812500000002