1 0.95959375 0.451453125 0.08079687500000006 0.10735937500000006
1 0.07371874999999992 0.415515625 0.08024999999999985 0.09420312499999994
1 0.5244375 0.352671875 0.053796874999999925 0.06696875000000002
1 0.909984375 0.348546875 0.0639531250000001 0.06875
0 0.7751718750000001 0.410875 0.0532343749999999 0.05592187499999994
0 0.6879531249999999 0.41423437500000004 0.059375 0.07489062499999992
0 0.610046875 0.42315625 0.06896874999999998 0.06126562500000006
1 0.43181250000000004 0.3489375 0.05803124999999998 0.06775000000000002
0 0.28170312500000005 0.350609375 0.04420312499999994 0.07131249999999997
0 0.16662499999999997 0.38615625 0.056703124999999945 0.07610937500000006
0 0.21868749999999998 0.34368750000000003 0.04743750000000002 0.06193749999999998
0 0.14498437499999994 0.306140625 0.0390625 0.04240624999999998
0 0.02873437499999998 0.30657812500000003 0.032468749999999956 0.04375