1 0.072921875 0.41796875 0.1015625 0.1015625
1 0.32551562500000003 0.41471875 0.1015625 0.11067187500000002
1 0.640625 0.407546875 0.08073437499999994 0.1015625
1 0.96328125 0.45390625 0.0734375 0.1234375
1 0.44140625 0.32682812499999997 0.0703125 0.07551562499999998
0 0.1451875 0.283203125 0.04035937500000002 0.040359374999999975
0 0.34245312499999997 0.30989062500000003 0.057296875000000025 0.052078124999999975
0 0.279296875 0.27734375 0.037765625000000025 0.044265624999999975
0 0.65690625 0.27734375 0.03515625 0.044265624999999975
0 0.584640625 0.287109375 0.0390625 0.037765625000000025
0 0.52409375 0.26237499999999997 0.037765624999999935 0.04296875
5 0.9329375000000001 0.27018749999999997 0.09245312500000011 0.08984375
0 0.8626250000000001 0.255859375 0.032546874999999885 0.037765625000000025
0 0.8170624999999999 0.2421875 0.02734375 0.033859375000000025
1 0.705078125 0.251953125 0.024734375000000065 0.032546874999999975
5 0.759765625 0.27278125000000003 0.07160937500000006 0.06901562500000002