1 0.3154375 0.428796875 0.07081249999999999 0.07109375
1 0.647734375 0.502140625 0.06104687500000008 0.08234375000000008
0 0.968109375 0.5545 0.0637812499999999 0.08812499999999997
0 0.80865625 0.40981249999999997 0.05478124999999991 0.06435937500000004
1 0.45859375 0.325390625 0.05010937500000008 0.067390625
1 0.13015625 0.305046875 0.028500000000000015 0.044937499999999984
0 0.26949999999999996 0.300390625 0.02854687499999997 0.020015625000000002
0 0.6482812499999999 0.28603125 0.023109374999999942 0.03295312499999996
0 0.582890625 0.294515625 0.030312499999999964 0.02387499999999996
0 0.91521875 0.26179687500000004 0.023109374999999942 0.023531250000000004
0 0.870734375 0.2591875 0.022671874999999987 0.02873437499999998
0 0.5311874999999999 0.252640625 0.023265624999999977 0.02606250000000001