2 0.34635937499999997 0.3515625 0.13542187500000002 0.1640625
4 0.21028125000000003 0.520828125 0.287765625 0.3333281250000001
0 0.608078125 0.45246875 0.10417187499999994 0.10026562499999994
1 0.9420624999999999 0.446609375 0.09245312500000011 0.13542187499999997
0 0.84375 0.41796875 0.0859375 0.0703125
0 0.138671875 0.279296875 0.03515625 0.05078125
0 0.588546875 0.287109375 0.0390625 0.045578125000000025
0 0.665359375 0.28190624999999997 0.0390625 0.040359374999999975
5 0.9362031249999999 0.27278125000000003 0.1015625 0.09504687499999998
5 0.8359375 0.27082812500000003 0.09375 0.078125
0 0.73371875 0.27799999999999997 0.037765624999999935 0.029953125000000025
0 0.623703125 0.25715625000000003 0.033859374999999935 0.040359374999999975
1 0.456375 0.361328125 0.07421875 0.08464062499999998
0 0.27734375 0.28776562499999997 0.036453124999999975 0.0390625