1 0.07349999999999998 0.42926562500000004 0.146984375 0.20459375000000005
1 0.413484375 0.404953125 0.10821874999999999 0.18373437500000006
1 0.98515625 0.40859375 0.0296875 0.1140625
2 0.730328125 0.38931250000000006 0.13426562499999992 0.19415625000000003
0 0.8489531250000001 0.38092187499999997 0.10764062500000007 0.12526562500000002
0 0.21325 0.41478125 0.08970312500000002 0.127015625
0 0.34490625 0.41709375 0.085640625 0.15943749999999998
0 0.557 0.37368750000000006 0.08970312499999995 0.12815625000000003
0 0.97890625 0.34375 0.0421875 0.08125
0 0.85503125 0.303359375 0.11631250000000008 0.12292187500000003
5 0.52140625 0.3635625 0.08448437500000008 0.13220312500000003
1 0.08390625 0.34878125 0.07754687499999999 0.07835937499999997
1 0.953125 0.27615625 0.09375 0.14489062500000002