1 0.636 0.450953125 0.08912499999999994 0.08010937499999997
1 0.9548593750000001 0.435921875 0.07407812500000013 0.08704687500000001
1 0.234375 0.43621875 0.08910937499999998 0.07490624999999995
1 0.063375 0.3343125 0.046875 0.06098437500000005
1 0.01678125 0.4168125 0.0335625 0.210953125
0 0.32465625 0.343296875 0.054390625000000005 0.045343749999999974
0 0.161453125 0.29293749999999996 0.03125 0.039546875
0 0.27140624999999996 0.25993750000000004 0.042828125000000036 0.056906250000000026
0 0.58884375 0.29235937500000003 0.03529687500000005 0.03607812499999996
0 0.647 0.2865625 0.034734375000000026 0.04068750000000003
0 0.732921875 0.26687500000000003 0.038765624999999915 0.04996875000000003
0 0.8344843750000001 0.27209374999999997 0.07176562500000001 0.06732812500000004
0 0.9166718749999999 0.2654375 0.02778124999999996 0.03432812500000004
0 0.4600625 0.278453125 0.03125 0.038375000000000006
0 0.355328125 0.30103125 0.05787500000000003 0.06271874999999998
0 0.047453125 0.279609375 0.08101562500000001 0.06850000000000005
0 0.5491875 0.26687500000000003 0.049765625000000036 0.056906250000000026
0 0.798328125 0.252703125 0.04456250000000006 0.07368750000000004
5 0.41 0.28134375 0.052671875000000014 0.03259375000000002
0 0.615734375 0.262828125 0.03703125000000007 0.03490624999999996
0 0.97734375 0.32890625 0.0453125 0.1671875