1 0.936625 0.43996874999999996 0.11631250000000008 0.14612499999999998
1 0.62065625 0.36296875 0.07465624999999995 0.131046875
1 0.05006249999999994 0.27556250000000004 0.08390625 0.08817187500000001
5 0.49421875000000004 0.35950000000000004 0.09490625000000001 0.09631250000000002
0 0.431140625 0.35776562500000003 0.08217187500000005 0.12756250000000002
0 0.31799999999999995 0.34734375 0.07581249999999998 0.08589062500000004
0 0.17332812499999992 0.390171875 0.06654687500000003 0.08821874999999997
0 0.209203125 0.298140625 0.09201562499999998 0.09859375000000004
5 0.703703125 0.40059374999999997 0.1342656250000001 0.12990624999999997
5 0.79340625 0.40523437500000004 0.10068750000000008 0.10443750000000004
0 0.938078125 0.348796875 0.12384374999999999 0.09920312500000002
0 0.14351562500000004 0.29871875000000003 0.074078125 0.09281249999999996