1 0.15 0.38828125 0.0484375 0.1015625
0 0.05546875 0.42734375 0.0453125 0.090625
0 0.2390625 0.4453125 0.0265625 0.0640625
0 0.78359375 0.44609375 0.0203125 0.05625
1 0.55703125 0.44609375 0.015625 0.034375
1 0.9796875 0.446875 0.040625 0.084375
1 0.91875 0.44921875 0.0203125 0.0421875
0 0.4625 0.45 0.021875 0.0515625
0 0.73046875 0.45859375 0.040625 0.0921875
0 0.640625 0.46328125 0.0375 0.078125
0 0.81328125 0.46484375 0.034375 0.0765625
0 0.3890625 0.465625 0.034375 0.075
1 0.3453125 0.46640625 0.0328125 0.08125
0 0.275 0.484375 0.0296875 0.059375