1 0.391859375 0.44975 0.07542187499999997 0.07393750000000007
1 0.790265625 0.47003125 0.06493749999999991 0.06760937499999997
1 0.04381249999999994 0.46092187500000004 0.0772343750000001 0.08845312500000002
1 0.563203125 0.369234375 0.04831249999999994 0.06392187499999995
1 0.8647500000000001 0.2808125 0.02640625000000014 0.040749999999999974
0 0.679640625 0.3345 0.03898437500000007 0.04654687500000003
0 0.15629687499999995 0.43070312499999996 0.06003125000000011 0.04887499999999996
0 0.08360937499999999 0.271625 0.02921875000000007 0.02756249999999998
0 0.17846875000000004 0.26834375 0.03145312500000017 0.023609375000000023
1 0.37798437500000004 0.26246875 0.021640625000000035 0.030078125
0 0.32696875 0.28340624999999997 0.02375000000000007 0.030312499999999964
1 0.63575 0.26378124999999997 0.018937500000000006 0.03271875