1 0.309703125 0.421875 0.08184375 0.10225
1 0.6489375 0.5021093750000001 0.077515625 0.092421875
1 0.454078125 0.323859375 0.058078125 0.081234375
0 0.8263906249999999 0.40856250000000005 0.06678125 0.081875
5 0.594265625 0.415796875 0.08846875 0.129171875
0 0.038671875 0.2963125 0.046015625 0.0605
0 0.132765625 0.282265625 0.03578125 0.046484375
0 0.337109375 0.310453125 0.06165625 0.04975
0 0.270765625 0.30025 0.04146875 0.029312500000000002
0 0.5495625000000001 0.25446875 0.031875 0.034640625
0 0.58046875 0.292296875 0.042140625 0.027484375
0 0.643625 0.29114062500000004 0.027828125 0.029843750000000002
0 0.8692968750000001 0.25671875 0.033859375000000004 0.032890625
0 0.79746875 0.24990625 0.038625 0.0270625
5 0.9162343749999999 0.257 0.046703125 0.06625
5 0.74678125 0.272984375 0.0450625 0.062281249999999996