1 0.6204375 0.438796875 0.08203125 0.109375
1 0.8658906249999999 0.4889375 0.09635937500000011 0.12370312499999994
1 0.21549999999999997 0.439453125 0.07942187499999998 0.10285937500000006
1 0.4655 0.32682812499999997 0.06379687500000006 0.08332812499999998
0 0.33332812500000003 0.31575000000000003 0.052078124999999975 0.05859375
0 0.127609375 0.302734375 0.0390625 0.048171874999999975
0 0.27214062499999997 0.28190624999999997 0.028640624999999975 0.045578125000000025
0 0.587234375 0.28645312500000003 0.03125 0.041671875000000025
0 0.674484375 0.27668750000000003 0.033859374999999935 0.040359374999999975
0 0.830078125 0.26106250000000003 0.032546874999999885 0.040359374999999975
0 0.9192656250000001 0.265625 0.03125 0.036453124999999975