0 0.04765625 0.42578125 0.0484375 0.103125
1 0.75390625 0.4265625 0.0390625 0.09375
1 0.63515625 0.43671875 0.034375 0.0921875
1 0.55625 0.43828125 0.01875 0.04375
1 0.3078125 0.43828125 0.0234375 0.046875
1 0.6671875 0.4421875 0.0203125 0.0609375
0 0.24375 0.44453125 0.0234375 0.0640625
1 0.46953125 0.44453125 0.021875 0.0640625
1 0.80078125 0.4484375 0.040625 0.075
0 0.98125 0.45 0.0375 0.1140625
1 0.91640625 0.4578125 0.0265625 0.065625
0 0.39765625 0.4609375 0.0359375 0.0765625
1 0.34765625 0.46640625 0.0375 0.0828125
1 0.59375 0.471875 0.0265625 0.065625
0 0.2765625 0.48125 0.028125 0.0609375
4 0.15234375 0.503125 0.1390625 0.3734375