0 0.616890625 0.515796875 0.12268749999999999 0.151953125
0 0.175921875 0.25965625000000003 0.09490625 0.080640625
0 0.025468750000000002 0.278453125 0.043984375 0.05923437499999999
0 0.59375 0.28975 0.0555625 0.071390625
0 0.646984375 0.279046875 0.057874999999999996 0.081234375
0 0.754625 0.273828125 0.057874999999999996 0.084703125
0 0.536453125 0.250671875 0.072921875 0.066171875
0 0.265328125 0.2865625 0.04803125 0.054609375
0 0.839984375 0.4113125 0.10706249999999999 0.1200625
0 0.64640625 0.3838125 0.084484375 0.0824375
0 0.8776093749999999 0.25096875 0.04340625 0.063265625
0 0.68171875 0.266890625 0.0648125 0.10553125000000001
0 0.10503124999999999 0.2920625 0.026046875000000004 0.062125
1 0.13946875 0.321 0.070609375 0.0991875
1 0.05034375 0.389890625 0.1006875 0.167515625
1 0.304109375 0.4168125 0.11864062500000001 0.15537499999999999
1 0.9791718749999999 0.373984375 0.041671875000000004 0.19471875
1 0.7899375 0.246921875 0.045140625000000004 0.11073437500000001
1 0.325234375 0.30334374999999997 0.12268749999999999 0.0881875
1 0.44328124999999996 0.326796875 0.09490625 0.12465625
0 0.5914375 0.23562500000000003 0.071765625 0.07078124999999999