0 0.9322968749999999 0.430125 0.12846875000000005 0.11950000000000002
0 0.681140625 0.40406250000000005 0.07523437499999996 0.09517187499999995
0 0.917828125 0.34271875 0.08796874999999993 0.09746874999999999
0 0.585640625 0.395390625 0.09259374999999999 0.15421875000000007
0 0.5086875 0.3948125 0.11457812500000006 0.11832812500000003
0 0.5 0.34184375 0.09721875000000005 0.09920312500000002
0 0.26157812500000005 0.350234375 0.08101562500000004 0.098625
0 0.203125 0.35139062499999996 0.07292187500000002 0.12178125000000009
0 0.16551562499999992 0.37107812500000004 0.07176562500000001 0.098640625
0 0.125578125 0.293796875 0.07523437500000014 0.09339062499999998
5 0.76359375 0.401171875 0.1012656250000001 0.10328125000000003
0 0.040796875000000024 0.426359375 0.08159375000000005 0.13628125000000005
2 0.03471875000000004 0.32853125 0.06943750000000008 0.14896875000000004