1 0.899609375 0.4751875 0.08471875 0.11576562500000001
1 0.606078125 0.44628125 0.078828125 0.089171875
1 0.308953125 0.423796875 0.073859375 0.09659375
0 0.352125 0.308734375 0.05021875 0.054796875
0 0.113484375 0.281921875 0.041296875 0.054890625000000005
0 0.272765625 0.29118750000000004 0.038656249999999996 0.03125
0 0.653765625 0.28775 0.0283125 0.036328125
0 0.5871562499999999 0.289203125 0.04240625 0.040484375
0 0.5349062499999999 0.25415625 0.029625000000000002 0.034296875
0 0.718609375 0.278359375 0.03175 0.030546875
0 0.83128125 0.26765625000000004 0.028609375 0.022734375
0 0.9168593749999999 0.266890625 0.034796875 0.03175