0 0.929109375 0.44315625000000003 0.07581249999999998 0.16985937500000006
2 0.3993125 0.45385937500000006 0.1944374999999999 0.17392187499999992
2 0.146703125 0.470078125 0.203125 0.22717187499999997
4 0.636578125 0.353140625 0.13657812499999994 0.16692187500000005
0 0.953703125 0.302203125 0.09259374999999999 0.11365625000000001
0 0.803234375 0.28425 0.039359375000000085 0.09165625000000004
0 0.509265625 0.285984375 0.07176562499999992 0.07428125000000003
0 0.38484375000000004 0.2874375 0.06365625000000001 0.059812500000000046
0 0.31481250000000005 0.284828125 0.05787500000000003 0.06501562500000002
0 0.23756250000000004 0.268625 0.070015625 0.08817187500000001
0 0.12384374999999999 0.25096875 0.03703124999999998 0.05632812500000002
0 0.03356250000000003 0.24720312500000002 0.043984375000000006 0.12867187499999994
0 0.16059374999999995 0.25096875 0.05034375 0.07021875
5 0.5486093750000001 0.2810625 0.07639062499999998 0.095703125
1 0.853015625 0.28859375 0.06481250000000002 0.062124999999999986
0 0.6145781250000001 0.286859375 0.06943750000000008 0.10728125000000004
0 0.707171875 0.28135937499999997 0.08564062499999991 0.09975000000000005
0 0.40971875 0.250671875 0.03471875000000004 0.05226562499999998