0 0.921546875 0.234484375 0.06804687499999999 0.129046875
0 0.45685937499999996 0.252921875 0.101171875 0.15965625
0 0.317734375 0.207359375 0.097890625 0.18728125
0 0.08709375 0.257453125 0.09914062500000001 0.162484375
0 0.192203125 0.196171875 0.10307812499999999 0.146171875
0 0.574734375 0.254328125 0.09940625 0.168734375
0 0.7123437499999999 0.211765625 0.062125 0.158625
0 0.7974375 0.17645312500000002 0.082296875 0.137984375
0 0.40639062499999995 0.0984375 0.07521875 0.11945312500000001
0 0.63759375 0.14809375 0.06887499999999999 0.13125
0 0.8394375000000001 0.08328125 0.0538125 0.070390625
0 0.747953125 0.10214062500000001 0.05834375000000001 0.10809375000000002
0 0.9151875 0.075328125 0.049046875000000004 0.09821875