6 0.630203125 0.577453125 0.28125 0.36209375
1 0.34809375 0.43215624999999996 0.14409374999999996 0.17564062499999994
1 0.067125 0.401765625 0.09953125 0.18084375000000003
1 0.97109375 0.45 0.0578125 0.190625
1 0.44039062500000004 0.32071875 0.15162499999999998 0.14376562499999998
1 0.128765625 0.295828125 0.08739062500000001 0.087015625
1 0.8020781250000001 0.232734375 0.05556249999999992 0.05804687499999996
1 0.70196875 0.253859375 0.11226562500000004 0.08295312499999996
0 0.58478125 0.279046875 0.10359374999999993 0.08817187500000001
0 0.251734375 0.2709375 0.05903124999999996 0.05806250000000004
0 0.34375 0.321296875 0.07639062499999998 0.09629687499999999
0 0.17275000000000001 0.27440625 0.05034375 0.07196875
0 0.043109375 0.28771874999999997 0.068859375 0.08470312499999996
0 0.65190625 0.26196875 0.07118749999999992 0.078328125
0 0.8703749999999999 0.252984375 0.07407812500000013 0.06384375000000002
0 0.9120312500000001 0.23996875 0.0532343749999999 0.04821875000000002
0 0.526625 0.246625 0.039359375000000085 0.05110937499999997
0 0.870953125 0.3901875 0.08217187499999987 0.15073437499999995