1 0.6805625 0.43042187500000006 0.10417187499999994 0.17217187500000009
1 0.350109375 0.504203125 0.140046875 0.12184375000000003
1 0.52025 0.34387500000000004 0.09837500000000006 0.12060937499999999
1 0.041671874999999935 0.427515625 0.08332812499999989 0.13165624999999997
1 0.15971875000000005 0.38092187499999997 0.07639062500000016 0.13915625
1 0.6828749999999999 0.30856249999999996 0.06481250000000002 0.05692187500000001
1 0.83940625 0.29959375 0.05381250000000008 0.05401562499999999
0 0.7054375 0.27325 0.06828125000000007 0.09048437499999995
1 0.656546875 0.29293749999999996 0.07928125000000001 0.08817187500000001
1 0.18460937499999996 0.232734375 0.047453124999999916 0.05110937499999997
0 0.967875 0.32101562499999997 0.05381250000000008 0.12696875
0 0.42765624999999996 0.3076875 0.06828125000000007 0.0725625
0 0.46382812500000004 0.23562500000000003 0.054984375000000085 0.06384375000000002
0 0.34779687499999995 0.2709375 0.047453125000000006 0.07196875
0 0.241890625 0.265140625 0.05092187500000005 0.06732812500000004
0 0.17217187500000009 0.27846875 0.07581249999999998 0.087015625
0 0.08448437500000008 0.253 0.07407812500000013 0.08468749999999999
0 0.399890625 0.23650000000000002 0.06134374999999999 0.069046875
0 0.5344375 0.277875 0.07349999999999994 0.07196875
0 0.289359375 0.24315625000000002 0.039359375000000085 0.05806249999999995
0 0.39293750000000005 0.411890625 0.13773437499999996 0.11428124999999997
1 0.938078125 0.409859375 0.047453125000000186 0.08590625000000003