1 0.069859375 0.41334375 0.07276562500000001 0.08292187500000003
1 0.30709375 0.42712500000000003 0.07935937500000004 0.10915625000000002
1 0.66165625 0.482203125 0.08224999999999998 0.08470312500000006
1 0.424109375 0.33404687499999997 0.05826562499999999 0.081921875
1 0.34503125 0.306421875 0.052796875000000035 0.06217187500000003
0 0.83984375 0.399 0.1171875 0.14173437500000002
0 0.12584375 0.28526562499999997 0.04609375 0.04821875000000002
0 0.275671875 0.28923437500000004 0.04754687500000001 0.03381249999999998
0 0.586546875 0.288609375 0.038734374999999946 0.03571875000000002
0 0.6524062500000001 0.28064062500000003 0.02890625 0.03984375
0 0.91484375 0.268421875 0.0350468750000001 0.03348437500000001
0 0.4849375 0.623328125 0.001109375000000057 0.001109375000000057
0 0.54921875 0.26896875 0.04442187499999992 0.027453124999999988