0 0.041671874999999935 0.490625 0.08332812499999989 0.20924999999999994
0 0.15104687499999994 0.417390625 0.08912499999999994 0.07548437499999991
0 0.40220312500000005 0.40523437500000004 0.11226562500000004 0.11832812500000003
0 0.21470312500000013 0.24748437499999998 0.03587499999999997 0.04243750000000004
0 0.09404687500000009 0.250390625 0.03067187500000017 0.045890625000000004
0 0.857625 0.272671875 0.03471875000000004 0.04764062500000001
0 0.4140625 0.28396875 0.041078124999999945 0.045906249999999996
0 0.353296875 0.28771874999999997 0.03300000000000001 0.04765625
0 0.18171874999999993 0.266296875 0.046296875000000084 0.062703125
0 0.304390625 0.266890625 0.034734375000000026 0.03375000000000004
0 0.375875 0.261953125 0.036453125000000065 0.03665624999999997
0 0.454859375 0.259359375 0.034734375000000026 0.04415624999999999
0 0.722796875 0.29293749999999996 0.04050000000000011 0.03490624999999996
0 0.9702031249999999 0.3375 0.04918750000000003 0.12176562500000002
1 0.9351875 0.40928125 0.0532343749999999 0.08475000000000002
1 0.69271875 0.42896875 0.09143749999999998 0.10095312500000002
1 0.34721875 0.44575 0.07407812499999995 0.1252812500000001
1 0.03240625000000001 0.45734375 0.06481250000000002 0.16001562499999994