1 0.05437499999999999 0.45953125000000006 0.10209375000000001 0.10101562500000001
1 0.95878125 0.42515625 0.068546875 0.088171875
1 0.456265625 0.354640625 0.062468749999999997 0.06728125
0 0.298296875 0.45665625 0.090625 0.08346875000000001
5 0.5736718749999999 0.368515625 0.089640625 0.108234375
0 0.8340156249999999 0.38571875 0.06934375000000001 0.080796875
0 0.674453125 0.34684375 0.039468750000000004 0.074953125
0 0.779859375 0.34265625 0.04159375 0.06275
1 0.97625 0.28178125 0.047515625 0.0523125
0 0.8544218750000001 0.299296875 0.05184375 0.0301875
0 0.07121875 0.35367187499999997 0.073625 0.046921875
0 0.517625 0.3525625 0.0351875 0.07145312499999999