0 0.541671875 0.3919218750000001 0.06510937499999994 0.08593750000000004
1 0.9440156249999999 0.4576875 0.08854687500000011 0.12109375
1 0.748046875 0.41340625 0.07682812499999994 0.07942187500000002
1 0.9108124999999999 0.349609375 0.07421875 0.05859375
1 0.8834687499999999 0.35090625000000003 0.0012968749999998862 0.0012968749999999751
1 0.054031250000000065 0.4095 0.087234375 0.10026562499999998
0 0.150390625 0.376953125 0.06640625 0.08203125
0 0.6412812499999999 0.39128124999999997 0.07421875 0.06901562500000002
0 0.42903125 0.384765625 0.05859375 0.06379687500000002
0 0.15690624999999994 0.29621875000000003 0.03515625 0.040359374999999975
0 0.033203125 0.298828125 0.032546874999999996 0.04296875
0 0.21354687500000002 0.34504687500000003 0.049484375000000025 0.059890624999999975