2 0.9039375 0.4810625 0.19212500000000005 0.19360937499999994
0 0.598953125 0.4324375 0.12846875000000005 0.15885937499999994
0 0.69734375 0.380046875 0.08448437500000008 0.09921875
0 0.15625 0.38149999999999995 0.11110937500000002 0.147265625
0 0.514171875 0.384390625 0.0862343749999999 0.11831250000000004
0 0.781828125 0.40696875 0.08217187499999987 0.09401562499999994
0 0.91753125 0.37107812500000004 0.11284375000000005 0.1055781249999999
0 0.48726562500000004 0.338078125 0.06712500000000006 0.08820312499999998
0 0.24884374999999997 0.3641249999999999 0.06481250000000002 0.098625
0 0.133390625 0.28309375000000003 0.05614062500000001 0.06850000000000005
2 0.026046874999999935 0.32014062499999996 0.052078124999999996 0.128703125