1 0.049484375000000004 0.451171875 0.0859375 0.115890625
0 0.21354687499999997 0.412765625 0.067703125 0.091140625
0 0.31640625 0.396484375 0.057296875000000004 0.071609375
0 0.486328125 0.36589062499999997 0.055984374999999996 0.078125
1 0.5826875 0.35285937500000003 0.055984374999999996 0.0703125
1 0.678390625 0.33332812500000003 0.041671875000000004 0.059890624999999996
0 0.8489531250000001 0.38151562499999997 0.057296875000000004 0.078125
1 0.96875 0.419921875 0.0625 0.09765625
0 0.791671875 0.32487499999999997 0.046875 0.05859375
1 0.978515625 0.26887500000000003 0.03515625 0.048171874999999996
0 0.0735625 0.35221874999999997 0.040359374999999996 0.055984374999999996