1 0.041671875000000004 0.46139062500000005 0.083328125 0.09401562499999994
1 0.96759375 0.430125 0.06481250000000002 0.09401562499999994
1 0.51678125 0.3838125 0.07523437499999996 0.131046875
1 0.980609375 0.271796875 0.027187500000000142 0.051687499999999977
0 0.097796875 0.36065625 0.07754687499999999 0.054624999999999965
0 0.20601562499999998 0.44343750000000004 0.06945312499999998 0.05812500000000007
0 0.2679375 0.4443125 0.049765625000000036 0.07953124999999997
0 0.56596875 0.3618125 0.09028124999999995 0.09399999999999994
0 0.791953125 0.32360937500000003 0.04571874999999999 0.05923437499999995
0 0.9215781249999999 0.345609375 0.06192187500000017 0.08935937499999999
0 0.856484375 0.29900000000000004 0.025453124999999945 0.06676562500000002
5 0.70196875 0.316078125 0.09837500000000006 0.08587499999999997