0 0.78259375 0.7600468750000001 0.2116093750000001 0.125
0 0.61321875 0.5323125 0.09296875 0.10390625
0 0.498609375 0.47471874999999997 0.08739062499999992 0.07712500000000003
0 0.72790625 0.403625 0.075 0.05703125
0 0.613109375 0.37371875 0.06775000000000002 0.05032812499999997
0 0.407984375 0.27478125000000003 0.04140625 0.04442187500000001
0 0.32734375 0.30993750000000003 0.05759375000000002 0.05290625000000002
0 0.25720312500000003 0.284484375 0.038734374999999946 0.04307812499999999
0 0.1766718750000001 0.32471875 0.06182812499999999 0.06373437500000004
0 0.11942187499999993 0.26696875000000003 0.046875 0.02567187500000001
0 0.02840624999999992 0.298375 0.042749999999999844 0.04185937500000003