1 0.9288125 0.45270312500000004 0.12153124999999995 0.15076562500000001
1 0.9047968750000001 0.34764062500000004 0.0688593749999999 0.09689062499999998
1 0.03993749999999992 0.282515625 0.072921875 0.08123437500000001
1 0.0203125 0.3859375 0.040625 0.121875
0 0.15740625000000003 0.385265625 0.081015625 0.12353125000000005
0 0.15421875000000007 0.314921875 0.08390624999999999 0.09050000000000002
0 0.742484375 0.34937500000000005 0.10532812499999995 0.12814062500000004
0 0.8185781249999999 0.43648437500000004 0.08159375000000005 0.111390625
0 0.587390625 0.39451562500000004 0.08217187500000005 0.12121875000000001
0 0.6374375000000001 0.382359375 0.061921874999999994 0.11773437499999995
0 0.4265 0.37021875 0.09837500000000002 0.14898437500000003
2 0.249703125 0.38323437499999996 0.17071874999999997 0.17851562499999996
5 0.500578125 0.342140625 0.08912499999999994 0.13103125