2 0.34635937499999997 0.3515625 0.135421875 0.1640625
4 0.21028125000000003 0.520828125 0.28776562499999997 0.33332812500000003
0 0.608078125 0.45246875 0.104171875 0.100265625
1 0.9420624999999999 0.446609375 0.092453125 0.135421875
0 0.84375 0.41796875 0.0859375 0.0703125
0 0.138671875 0.279296875 0.03515625 0.05078125
0 0.588546875 0.287109375 0.0390625 0.045578125000000004
0 0.665359375 0.28190624999999997 0.0390625 0.040359374999999996
5 0.9362031249999999 0.27278125000000003 0.1015625 0.095046875
5 0.8359375 0.27082812500000003 0.09375 0.078125
0 0.73371875 0.27799999999999997 0.037765625000000004 0.029953125000000004
0 0.623703125 0.25715625000000003 0.033859375000000004 0.040359374999999996
1 0.456375 0.361328125 0.07421875 0.084640625
0 0.27734375 0.28776562499999997 0.036453124999999996 0.0390625