0 0.8327500000000001 0.401765625 0.11689062499999991 0.25725
0 0.50115625 0.456171875 0.16203125000000007 0.11603124999999999
0 0.10879687499999999 0.40812499999999996 0.141203125 0.12412499999999996
0 0.408859375 0.301921875 0.11284375000000005 0.17906249999999996
0 0.56134375 0.395390625 0.10879687499999999 0.16115624999999997
0 0.288765625 0.370203125 0.10532812499999995 0.12120312500000004
0 0.54484375 0.281640625 0.14178125000000003 0.06907812499999996
0 0.71990625 0.259359375 0.06481250000000002 0.11131250000000001
0 0.9861093750000001 0.285984375 0.02778124999999996 0.09512499999999999
2 0.022562499999999996 0.409578125 0.03125 0.23467187500000003
1 0.210640625 0.5722343750000001 0.34490625 0.17107812500000003
1 0.757515625 0.224921875 0.08448437500000008 0.08062500000000002