1 0.1305 0.1974375 0.160296875 0.20274999999999999
1 0.414359375 0.482796875 0.106484375 0.162359375
0 0.243640625 0.67353125 0.25115625 0.262578125
0 0.469328125 0.426078125 0.12615625 0.160015625
0 0.289640625 0.354578125 0.117484375 0.14551562499999998
0 0.60590625 0.256171875 0.05903125 0.10146875
0 0.74015625 0.286859375 0.105328125 0.121171875
0 0.95659375 0.32853125 0.0868125 0.1211875
0 0.3836875 0.32043750000000004 0.0868125 0.1258125
0 0.8807812500000001 0.31260937499999997 0.074078125 0.09281249999999999
0 0.88715625 0.25240625 0.06596874999999999 0.08353125
0 0.9704843750000001 0.2585 0.05903125 0.09915625