1 0.352859375 0.4954375 0.078125 0.10026562499999994
1 0.68359375 0.419921875 0.078125 0.11067187500000006
1 0.53840625 0.32292187499999997 0.05859375 0.0859375
0 0.17707812500000006 0.4016875 0.078125 0.08203125
0 0.033203125 0.549484375 0.06640625 0.10676562500000006
0 0.8639374999999999 0.29231250000000003 0.04296875 0.04296875
0 0.662109375 0.30729687499999997 0.053390625000000115 0.049484375000000025
0 0.337890625 0.279296875 0.03515625 0.040359374999999975
0 0.416671875 0.263671875 0.0390625 0.04296875
0 0.4641875 0.24739062500000003 0.029953124999999935 0.0390625
5 0.19270312500000006 0.24479687499999997 0.06510937500000002 0.078125
5 0.06379687500000006 0.27082812500000003 0.1015625 0.09635937500000002
0 0.12890625 0.25520312500000003 0.028640624999999885 0.046875