1 0.639234375 0.5031875 0.07667187500000008 0.09943749999999998
1 0.29928125 0.43131250000000004 0.06551562500000001 0.09095312500000005
1 0.0635 0.41785937500000003 0.064515625 0.07946875000000002
0 0.7750625 0.392125 0.06150000000000002 0.06998437500000003
1 0.47209375 0.334265625 0.10490624999999998 0.11942187500000001
0 0.34040625 0.310828125 0.04732812500000003 0.05379687500000001
0 0.157203125 0.301171875 0.03984375 0.04564062499999997
0 0.020140625000000002 0.330796875 0.040281250000000005 0.054906249999999976
0 0.29090625000000003 0.280078125 0.03448437499999999 0.03404687500000003
0 0.58884375 0.294078125 0.038171874999999925 0.029468750000000023
0 0.5391250000000001 0.25071875 0.03448437500000008 0.03626562499999997
0 0.65496875 0.284484375 0.028015624999999923 0.03214062499999999
0 0.749828125 0.280015625 0.03984375 0.02254687500000001
5 0.9132187500000001 0.256859375 0.04967187499999994 0.05993750000000002