1 0.069859375 0.41334375 0.072765625 0.082921875
1 0.30709375 0.42712500000000003 0.079359375 0.10915625
1 0.66165625 0.482203125 0.08225 0.084703125
1 0.424109375 0.33404687499999997 0.058265625 0.081921875
1 0.34503125 0.306421875 0.052796875 0.062171875
0 0.83984375 0.399 0.1171875 0.141734375
0 0.12584375 0.28526562499999997 0.04609375 0.04821875
0 0.275671875 0.28923437500000004 0.047546875 0.0338125
0 0.586546875 0.288609375 0.038734375 0.03571875
0 0.6524062500000001 0.28064062500000003 0.02890625 0.03984375
0 0.91484375 0.268421875 0.035046875 0.033484375
0 0.4849375 0.623328125 0.001109375 0.001109375
0 0.54921875 0.26896875 0.044421875 0.027453125000000002