1 0.65396875 0.485765625 0.0645 0.078234375
1 0.304828125 0.435015625 0.05515625 0.06478125
1 0.0600625 0.4141875 0.04396875 0.0688125
0 0.103171875 0.303140625 0.028703125000000003 0.03278125
1 0.43574999999999997 0.336796875 0.047078125 0.062890625
1 0.9777968749999999 0.45931249999999996 0.041265625 0.09478125
0 0.90978125 0.270375 0.026437500000000003 0.021390625
0 0.6535 0.288234375 0.01796875 0.02496875
0 0.5816874999999999 0.296296875 0.023203124999999998 0.0208125
0 0.336078125 0.31334375 0.03609375 0.032890625
0 0.273578125 0.296296875 0.026125 0.019109375
0 0.531109375 0.25634375 0.018453125 0.022093750000000002