1 0.15234375 0.396875 0.059375 0.1453125
1 0.05625 0.41484375 0.05625 0.103125
0 0.66875 0.434375 0.0203125 0.0546875
0 0.7484375 0.4375 0.0453125 0.1046875
1 0.46953125 0.440625 0.0171875 0.05
1 0.55625 0.440625 0.0171875 0.0421875
0 0.24296875 0.4453125 0.025 0.0578125
6 0.6375 0.54753125 0.14951562499999999 0.334546875
1 0.9109375 0.45625 0.0296875 0.0609375
0 0.8109375 0.46328125 0.0390625 0.0859375
0 0.39609375 0.4640625 0.0359375 0.0859375
0 0.35703125 0.4671875 0.0296875 0.09375
1 0.60078125 0.46875 0.0234375 0.0640625
0 0.98203125 0.46640625 0.0359375 0.10625
0 0.275 0.48046875 0.0296875 0.0734375