1 0.590078125 0.465921875 0.07229687499999997 0.10443750000000004
1 0.06515625 0.408609375 0.077140625 0.08825000000000002
1 0.315171875 0.4265 0.07715625 0.09275000000000003
1 0.957828125 0.459859375 0.08434375000000002 0.11417187500000008
1 0.8297812499999999 0.40462499999999996 0.07982812499999996 0.09431250000000002
1 0.43028125 0.36509375000000005 0.060484375000000055 0.08089062500000002
1 0.125203125 0.281546875 0.026890625000000012 0.048171874999999975
0 0.025437500000000002 0.321515625 0.050859375 0.037484375000000014
0 0.165484375 0.281609375 0.03559375 0.029531249999999964
0 0.281734375 0.27709375 0.03817187500000001 0.036140624999999996
0 0.343984375 0.30778125 0.05509374999999998 0.050640625000000036
0 0.49226562500000004 0.278953125 0.040718749999999915 0.03674999999999997
0 0.657390625 0.286234375 0.03503124999999994 0.029406249999999988
0 0.58515625 0.285515625 0.03901562500000004 0.03890624999999996
0 0.53471875 0.24626562500000002 0.029953124999999935 0.030734375000000026
0 0.707359375 0.251375 0.030281249999999992 0.03156249999999998
0 0.8561406249999999 0.25792187499999997 0.0356562499999999 0.03217187499999996
0 0.8173281250000001 0.24851562500000002 0.029906250000000155 0.02273437500000002
0 0.9181874999999999 0.257140625 0.04256250000000002 0.035296874999999964
0 0.75196875 0.274625 0.035140625000000016 0.02809375000000003