0 0.36512500000000003 0.4498125 0.06875 0.09487500000000004
2 0.092578125 0.506625 0.18253124999999998 0.29704687500000004
4 0.6292343749999999 0.5742812500000001 0.36364062499999994 0.3407031250000001
1 0.92975 0.5637187499999999 0.08343750000000014 0.10654687500000008
0 0.6555 0.18265625000000002 0.027109375000000036 0.04234375000000001
0 0.1144375 0.307640625 0.025718750000000012 0.037109375
0 0.037921875 0.336421875 0.03935937500000001 0.02954687500000004
0 0.376125 0.293234375 0.023062499999999986 0.03171875000000002
0 0.47428125000000004 0.296484375 0.029250000000000043 0.025203124999999993
0 0.173984375 0.291234375 0.027609375000000026 0.022531250000000023
5 0.950046875 0.290671875 0.08495312499999982 0.05787500000000003
0 0.5678124999999999 0.264390625 0.021015625000000072 0.01832812500000003