1 0.22512500000000002 0.412484375 0.070609375 0.05984374999999997
1 0.39553125 0.387 0.056140624999999965 0.066796875
1 0.028078125 0.45503125000000005 0.04571875000000001 0.12065625000000005
0 0.09229687499999999 0.361515625 0.070015625 0.07604687500000003
0 0.504625 0.33981249999999996 0.07870312500000001 0.09167187500000003
0 0.28934375 0.36153124999999997 0.05092187500000005 0.09689062499999998
0 0.66609375 0.35690625 0.04281249999999996 0.052874999999999964
5 0.575515625 0.37107812500000004 0.0850624999999999 0.11253124999999997
0 0.8616875 0.33142187500000003 0.05903124999999996 0.06909375000000004
0 0.80584375 0.330859375 0.04340624999999996 0.06560937500000001
1 0.97734375 0.28125 0.0453125 0.04375