2 0.131515625 0.505265625 0.26303125 0.27871875
2 0.7635156249999999 0.44290624999999995 0.21259374999999991 0.20868750000000005
2 0.90365625 0.4489375 0.1926874999999999 0.259796875
4 0.47573437500000004 0.353125 0.17878124999999997 0.161921875
0 0.17675000000000002 0.34578125000000004 0.032624999999999994 0.03185937499999998
0 0.014343749999999999 0.293328125 0.026031249999999995 0.03150000000000004
0 0.3055 0.28025 0.02756249999999998 0.033984375
1 0.51225 0.275625 0.02168749999999999 0.03534375000000001
0 0.6045 0.28678125 0.03440624999999997 0.03142187500000002
0 0.73534375 0.2763125 0.027828124999999915 0.033937499999999954
0 0.852453125 0.2736875 0.02503124999999997 0.03657812500000004
0 0.24465625000000002 0.29203125 0.02564062500000004 0.036734374999999986
0 0.41476562499999997 0.276921875 0.03782812500000001 0.051171875
0 0.670578125 0.2645 0.03903125000000003 0.05496875000000001