5 0.1796875 0.638953125 0.265625 0.3136093750000001
5 0.47248437499999996 0.46696875000000004 0.1123906250000001 0.1375
0 0.322984375 0.507359375 0.10423437499999996 0.11160937499999993
0 0.26378124999999997 0.35965625 0.06417187499999999 0.07220312499999997
5 0.14509375 0.404015625 0.11607812499999999 0.15625
5 0.554359375 0.27115625 0.06360937500000005 0.08404687500000003
0 0.38639062500000004 0.365734375 0.07678124999999998 0.0484375
5 0.69196875 0.3599375 0.16071875000000002 0.09932812500000007
0 0.7306874999999999 0.279078125 0.038171874999999925 0.05078125
0 0.895140625 0.340734375 0.0592656250000001 0.0515625
0 0.97790625 0.3203125 0.044187499999999956 0.03526562499999999