0 0.883828125 0.5375 0.10896874999999999 0.097515625
0 0.2974375 0.44992187499999997 0.06949999999999999 0.0843125
1 0.63828125 0.458296875 0.074890625 0.10896874999999999
1 0.458953125 0.337109375 0.057328124999999994 0.085328125
1 0.345125 0.30870312499999997 0.05184375 0.058953124999999995
0 0.2729375 0.292 0.03590625 0.033890625
0 0.10359375 0.292921875 0.0395625 0.05337499999999999
0 0.157921875 0.29495312500000004 0.0374375 0.029828125
0 0.6540625 0.28698437499999996 0.026109375 0.041359375
0 0.393109375 0.297328125 0.03621875 0.039671875
0 0.581734375 0.291921875 0.045906249999999996 0.031921875
0 0.5370468749999999 0.25606249999999997 0.035562500000000004 0.028187499999999997
0 0.9163593750000001 0.26703125 0.029312500000000002 0.035875000000000004
0 0.8205 0.240328125 0.035046875 0.02753125