5 0.21875 0.561828125 0.24306250000000001 0.27526562499999996
0 0.13599999999999998 0.3838125 0.13310937499999997 0.13799999999999996
5 0.47164062500000004 0.46428125 0.1030156250000001 0.15307812500000004
5 0.5329843750000001 0.397703125 0.10764062499999998 0.12410937500000001
0 0.877890625 0.3094375 0.08217187499999987 0.11076562499999998
4 0.56596875 0.2645625 0.0625 0.08006250000000001
5 0.37615625 0.32940625 0.09953125000000003 0.09860937500000003
5 0.250296875 0.352546875 0.08739062500000001 0.11020312499999996
1 0.33478125 0.47121874999999996 0.12442187499999999 0.19476562499999997
1 0.7109375 0.27846875 0.06423437500000002 0.09396874999999998
0 0.8807812500000001 0.25240625 0.08796874999999993 0.06964062499999998