0 0.634875 0.4498125 0.06875 0.09487500000000004
2 0.907421875 0.506625 0.1825312499999999 0.29704687500000004
4 0.3707656250000001 0.5742812500000001 0.36364062500000005 0.3407031250000001
1 0.07025000000000006 0.5637187499999999 0.08343750000000014 0.10654687500000008
0 0.34450000000000003 0.18265625000000002 0.027109375000000036 0.042343750000000034
0 0.8855625 0.307640625 0.025718750000000058 0.037109375
0 0.962078125 0.336421875 0.039359375000000085 0.02954687500000004
0 0.623875 0.293234375 0.023062499999999986 0.03171875000000002
0 0.52571875 0.296484375 0.029250000000000043 0.025203124999999993
0 0.8260156249999999 0.291234375 0.027609375000000113 0.022531250000000023
5 0.04995312500000004 0.290671875 0.08495312499999982 0.05787500000000003
0 0.43218750000000006 0.264390625 0.021015625000000072 0.01832812500000003