5 0.759265625 0.530859375 0.2245312499999999 0.26540625
5 0.333328125 0.277296875 0.0694375 0.07081249999999999
0 0.48321875 0.451546875 0.11689062499999991 0.148453125
0 0.13512500000000002 0.318984375 0.101265625 0.09167187500000003
0 0.43634375 0.274984375 0.06481250000000002 0.06617187500000003
0 0.271703125 0.288015625 0.09201562499999998 0.13043750000000004
0 0.02517187500000002 0.27354687499999997 0.05034375 0.12232812500000004
0 0.7335 0.37107812500000004 0.06423437500000002 0.09168749999999996
0 0.63078125 0.3149375 0.09953125000000007 0.146078125
0 0.61515625 0.46775 0.12384374999999999 0.18087499999999998
1 0.95659375 0.4341875 0.08681249999999992 0.1970625
1 0.950234375 0.310296875 0.07870312499999983 0.10903125000000005
0 0.11314062499999995 0.2663125 0.08275000000000002 0.10437500000000002