1 0.774875 0.412484375 0.07060937500000009 0.05984374999999993
1 0.60446875 0.387 0.05614062499999992 0.066796875
1 0.9719218749999999 0.45503125000000005 0.04571874999999999 0.12065625000000005
0 0.907703125 0.361515625 0.07001562499999991 0.07604687500000003
0 0.495375 0.33981249999999996 0.07870312500000001 0.09167187500000003
0 0.71065625 0.36153124999999997 0.05092187500000005 0.09689062499999998
0 0.33390624999999996 0.35690625 0.04281249999999996 0.052874999999999964
5 0.424484375 0.37107812500000004 0.0850624999999999 0.11253124999999997
0 0.13831249999999998 0.33142187500000003 0.05903124999999996 0.06909375000000004
0 0.19415624999999997 0.330859375 0.04340624999999996 0.06560937500000001
1 0.02265625 0.28125 0.0453125 0.04375