1 0.29817187500000003 0.41796875 0.07292187500000002 0.1015625
1 0.466140625 0.32551562500000003 0.059890625000000065 0.08073437500000002
0 0.5859375 0.478515625 0.08332812500000006 0.10546875
1 0.103515625 0.271484375 0.03776562500000001 0.05078125
1 0.17903125 0.26692187500000003 0.03515625 0.044265624999999975
0 0.345703125 0.30793750000000003 0.048171874999999975 0.053390625000000025
0 0.27278125000000003 0.28581249999999997 0.03515625 0.040359374999999975
0 0.6673125 0.27409374999999997 0.037765624999999935 0.04296875
0 0.533203125 0.24934375000000003 0.029953124999999935 0.037765625000000025
2 0.9381562499999999 0.2734375 0.09765625 0.09114062499999998
0 0.8326874999999999 0.25715625000000003 0.029953125000000115 0.040359374999999975
0 0.9010468749999999 0.502609375 0.1015625 0.10676562500000006