1 0.1994375 0.637078125 0.1675625 0.21190625000000002
0 0.393125 0.527453125 0.09378125000000001 0.13282812500000002
0 0.50078125 0.47284375 0.098828125 0.088796875
0 0.2739375 0.392625 0.091546875 0.062734375
5 0.37078125 0.345171875 0.079015625 0.094171875
1 0.074640625 0.162453125 0.042984375000000005 0.051937500000000004
0 0.5646093750000001 0.25915625000000003 0.0413125 0.05515625
0 0.6716249999999999 0.30521875 0.06403125 0.04934375
0 0.844140625 0.324671875 0.0615 0.059765625
0 0.7500312499999999 0.284609375 0.043765625 0.043187500000000004
0 0.972640625 0.292640625 0.054718750000000003 0.054390625000000005