1 0.368640625 0.45125000000000004 0.06596875000000005 0.07490624999999991
1 0.71209375 0.43215624999999996 0.06539062500000004 0.07837499999999994
1 0.03046875 0.425 0.0609375 0.1375
1 0.9600625 0.394234375 0.07985937499999984 0.1866249999999999
0 0.653921875 0.315234375 0.037046875000000055 0.05054687500000003
0 0.5271874999999999 0.34967187499999997 0.049765625000000036 0.06504687499999999
0 0.14353125000000003 0.42954687500000005 0.0625 0.05348437500000003
0 0.08420312499999998 0.268625 0.03646874999999987 0.032578125000000034
0 0.722515625 0.29525 0.04456249999999997 0.03721874999999999
0 0.9045 0.290328125 0.042828125000000127 0.04474999999999998
0 0.8400000000000001 0.29495312500000004 0.034140624999999855 0.03548437499999997
0 0.41725 0.29525 0.03818750000000008 0.03723437499999997
0 0.3475 0.284828125 0.032984375000000024 0.051124999999999955
0 0.462953125 0.25125000000000003 0.03703125000000007 0.034890624999999974
0 0.30785937499999994 0.24084374999999997 0.030093749999999985 0.034890624999999974
0 0.18403124999999995 0.27209374999999997 0.048609374999999934 0.06039062499999996
0 0.5515 0.29321875 0.04281249999999996 0.043593749999999966
0 0.40509375 0.38670312500000004 0.08564062499999991 0.11600000000000002
0 0.24768749999999998 0.263125 0.046296874999999994 0.07368750000000004
1 0.18114062499999992 0.233015625 0.04051562500000001 0.03200000000000003