1 0.131375 0.61790625 0.1251875 0.19143749999999998
1 0.15984375 0.3560625 0.094640625 0.098953125
1 0.6871875000000001 0.2844375 0.048265625 0.04803125
0 0.48678125000000005 0.483703125 0.100265625 0.07375000000000001
0 0.025328125 0.38725 0.05065625 0.068515625
0 0.3759375 0.365734375 0.063265625 0.048828125
2 0.582546875 0.29621875000000003 0.08378125 0.108765625
0 0.8695468749999999 0.338890625 0.057765625 0.06284375
0 0.742046875 0.28246875 0.047578125 0.050703125
0 0.835765625 0.1760625 0.058953124999999995 0.034390625
0 0.97853125 0.312453125 0.0429375 0.034625