1 0.313609375 0.423640625 0.07532812499999997 0.09876562500000001
1 0.61825 0.447671875 0.07337500000000005 0.09849999999999999
1 0.88375 0.47834374999999996 0.08443749999999994 0.10807812499999994
1 0.44945312499999995 0.329703125 0.05514062499999994 0.08834375000000003
1 0.124390625 0.31165625 0.045656249999999995 0.055062500000000014
0 0.038546875 0.3006875 0.041015625 0.026234375000000032
0 0.340125 0.309578125 0.04631249999999998 0.04826562499999998
0 0.263484375 0.2974375 0.036093750000000036 0.02678124999999998
0 0.1895 0.274125 0.03487499999999999 0.040640624999999986
0 0.6428125 0.286921875 0.026500000000000058 0.03068749999999998
0 0.58328125 0.28896875 0.04045312499999998 0.030874999999999986
0 0.5241718750000001 0.249671875 0.033859374999999935 0.031343750000000004
0 0.868765625 0.256421875 0.0295781250000001 0.035531250000000014
0 0.9160625 0.258828125 0.03729687499999983 0.02957812500000001
0 0.800171875 0.24 0.034499999999999975 0.026328125000000036
0 0.74465625 0.275109375 0.03934374999999992 0.027531250000000007
0 0.61425 0.249265625 0.03209374999999994 0.03849999999999998