0 0.8958125000000001 0.400421875 0.11712499999999999 0.230484375
0 0.638 0.23531249999999998 0.09365625 0.158078125
0 0.466578125 0.23925000000000002 0.08935937499999999 0.160734375
1 0.21925 0.209078125 0.081703125 0.136859375
0 0.038421875 0.241796875 0.07684375 0.137203125
0 0.89959375 0.226671875 0.054359375 0.109546875
0 0.78771875 0.173015625 0.051953125 0.108984375
0 0.7046718750000001 0.18548437499999998 0.073375 0.12351562499999999
0 0.3696875 0.1370625 0.06225000000000001 0.12562500000000001
0 0.566578125 0.1815 0.05240625 0.09992187500000001
0 0.9048125 0.088515625 0.051796875 0.08060937500000001