1 0.665359375 0.42253125 0.088546875 0.102859375
1 0.060546875 0.4173125 0.076828125 0.08984375
1 0.31770312500000003 0.41340625 0.0859375 0.110671875
0 0.47265625 0.34504687500000003 0.0625 0.078125
1 0.34700000000000003 0.3046875 0.05078125 0.0546875
1 0.038406249999999996 0.30989062500000003 0.04296875 0.0546875
0 0.16340625 0.28776562499999997 0.03515625 0.033859375000000004
2 0.27604687499999997 0.28385937499999997 0.09375 0.083328125
1 0.5345 0.267578125 0.029953125000000004 0.040359374999999996
0 0.65625 0.27214062499999997 0.0390625 0.044265624999999996
0 0.587234375 0.28581249999999997 0.033859375000000004 0.03515625
0 0.91796875 0.25 0.03125 0.036453124999999996
0 0.8626250000000001 0.25715625000000003 0.02734375 0.040359374999999996
2 0.8137968750000001 0.23893749999999997 0.0625 0.071609375