1 0.309703125 0.421875 0.08184374999999999 0.10225000000000004
1 0.6489375 0.5021093750000001 0.07751562500000002 0.09242187499999996
1 0.454078125 0.323859375 0.05807812499999994 0.08123437500000001
0 0.8263906249999999 0.40856250000000005 0.06678125000000001 0.08187499999999996
5 0.594265625 0.415796875 0.08846875000000001 0.129171875
0 0.038671875 0.2963125 0.046015625000000004 0.06050000000000004
0 0.132765625 0.282265625 0.03578125000000001 0.046484375
0 0.337109375 0.310453125 0.06165624999999997 0.04974999999999996
0 0.270765625 0.30025 0.04146875000000003 0.029312499999999984
0 0.5495625000000001 0.25446875 0.031874999999999966 0.03464062500000002
0 0.58046875 0.292296875 0.04214062500000004 0.02748437499999996
0 0.643625 0.29114062500000004 0.027828124999999915 0.029843750000000037
0 0.8692968750000001 0.25671875 0.033859375000000115 0.03289062500000002
0 0.79746875 0.24990625 0.03862500000000004 0.02706249999999999
5 0.9162343749999999 0.257 0.04670312500000016 0.06624999999999996
5 0.74678125 0.272984375 0.04506250000000005 0.062281250000000024