1 0.659140625 0.433015625 0.11689062499999991 0.14612499999999998
1 0.953125 0.472953125 0.08681249999999992 0.16351562499999997
1 0.253765625 0.431859375 0.19850000000000004 0.14381249999999995
0 0.43634375 0.393671875 0.06714062500000004 0.08589062500000004
0 0.0625 0.29293749999999996 0.09721874999999999 0.17153125000000005
0 0.862265625 0.408703125 0.08564062499999991 0.13917187500000008
0 0.5821875000000001 0.285703125 0.05325000000000006 0.040109375000000023
0 0.13946875 0.270359375 0.04049999999999998 0.04301562500000004
0 0.332765625 0.327078125 0.05209374999999996 0.05692187500000001
0 0.462390625 0.292921875 0.03587500000000006 0.04185937500000003
0 0.66175 0.278453125 0.030671874999999994 0.036062499999999977
0 0.627890625 0.25587499999999996 0.01967187500000005 0.04185937500000003
0 0.73553125 0.275859375 0.049765625000000036 0.03432812500000004
0 0.819734375 0.261671875 0.038765624999999915 0.04417187499999997
0 0.915234375 0.264578125 0.035296874999999873 0.04532812499999998
0 0.287609375 0.270640625 0.02893749999999997 0.06095312499999998
0 0.193578125 0.27556250000000004 0.04340625 0.08817187500000001
0 0.8188593750000001 0.22809374999999998 0.04745312499999983 0.055734375000000023
5 0.421875 0.290609375 0.052078125000000065 0.08354687500000005