1 0.6429375 0.42982812499999995 0.112265625 0.150171875
1 0.300640625 0.410734375 0.09085937499999999 0.1466875
1 0.969625 0.425484375 0.060765625000000004 0.138015625
1 0.0399375 0.394234375 0.079859375 0.18662499999999999
0 0.353015625 0.3094375 0.08796875 0.12465625
0 0.464125 0.34387500000000004 0.08101562500000001 0.09978125
0 0.8506875 0.412171875 0.13193749999999999 0.13221875
0 0.9123281249999999 0.249515625 0.04340625 0.07079687500000001
0 0.277484375 0.27440625 0.0445625 0.07890625
0 0.10301562500000001 0.2920625 0.060187500000000005 0.096859375
0 0.155953125 0.29090625000000003 0.058453124999999995 0.143171875
0 0.575234375 0.27671875 0.053234375 0.062703125
0 0.65828125 0.28771874999999997 0.08390625 0.056921875
0 0.5289375 0.23967187499999998 0.0648125 0.065
0 0.68171875 0.231 0.050921875000000005 0.054578125
0 0.81596875 0.27209374999999997 0.048609374999999996 0.060390624999999996
0 0.453125 0.28221875 0.052078124999999996 0.077171875
0 0.59490625 0.38670312500000004 0.085640625 0.11599999999999999
0 0.7523125 0.263125 0.046296875 0.07368749999999999
1 0.8298593750000001 0.2388125 0.0625 0.08757812499999999