1 0.144390625 0.2194375 0.10010937499999999 0.10779687500000001
1 0.3993125 0.471796875 0.07639062499999998 0.14035937500000006
0 0.24884374999999997 0.73375 0.14582812499999998 0.14446875000000006
0 0.46990625 0.46429687499999994 0.08796874999999993 0.08128124999999997
0 0.304109375 0.393375 0.06309374999999999 0.06329687499999999
0 0.6024375 0.2700625 0.05209375000000005 0.04124999999999997
0 0.75 0.296125 0.043984374999999964 0.05632812500000002
0 0.9617968749999999 0.34357812499999996 0.05787499999999994 0.06329687499999999
0 0.390046875 0.35459375 0.07407812499999995 0.057500000000000016
0 0.8923593750000001 0.3131875 0.048609374999999844 0.03839062499999999
0 0.88715625 0.25240625 0.06596875000000005 0.08353124999999997
0 0.9704843750000001 0.2585 0.05903124999999996 0.09915624999999997