0 0.14140625 0.42578125 0.0453125 0.0859375
0 0.05625 0.43046875 0.046875 0.0921875
0 0.2421875 0.4453125 0.025 0.0578125
1 0.55625 0.446875 0.0171875 0.0375
0 0.78046875 0.446875 0.0234375 0.0609375
0 0.7265625 0.45 0.0359375 0.0828125
1 0.46484375 0.45078125 0.01875 0.046875
0 0.6421875 0.45390625 0.0359375 0.08125
1 0.91484375 0.45859375 0.0265625 0.0421875
1 0.39609375 0.459375 0.028125 0.0640625
0 0.97890625 0.4609375 0.0390625 0.0875
0 0.81015625 0.4625 0.0359375 0.075
0 0.27421875 0.48046875 0.028125 0.0609375
5 0.33854687499999997 0.544921875 0.098953125 0.25651562499999997