1 0.9616562500000001 0.450609375 0.076671875 0.10546875
1 0.635328125 0.45982812500000003 0.084484375 0.10959375
1 0.29196875 0.432421875 0.075671875 0.094078125
1 0.46378125 0.33884375 0.065734375 0.089953125
5 0.8487656250000001 0.397875 0.1171875 0.1484375
0 0.099609375 0.28917187499999997 0.037828125000000004 0.046875
0 0.34045312499999997 0.31243750000000003 0.054359375 0.057921875
0 0.15803125 0.292296875 0.033703125 0.02834375
0 0.273109375 0.293296875 0.039953125 0.030796875
0 0.648828125 0.286328125 0.031140624999999998 0.042515625
0 0.583265625 0.29275 0.04396875 0.035046875
0 0.540625 0.252171875 0.034375 0.0365
1 0.8196406250000001 0.23700000000000002 0.036609375 0.031140624999999998
0 0.913453125 0.26746875000000003 0.033140625 0.037390625