1 0.3154375 0.428796875 0.0708125 0.07109375
1 0.647734375 0.502140625 0.061046875 0.08234375000000001
0 0.968109375 0.5545 0.06378125 0.088125
0 0.80865625 0.40981249999999997 0.054781250000000004 0.064359375
1 0.45859375 0.325390625 0.050109375 0.06739062500000001
1 0.13015625 0.305046875 0.028499999999999998 0.044937500000000005
0 0.26949999999999996 0.300390625 0.028546875 0.020015625000000002
0 0.6482812499999999 0.28603125 0.023109374999999998 0.032953125
0 0.582890625 0.294515625 0.0303125 0.023875
0 0.91521875 0.26179687500000004 0.023109374999999998 0.02353125
0 0.870734375 0.2591875 0.022671875 0.028734375
0 0.5311874999999999 0.252640625 0.023265625 0.0260625