1 0.075234375 0.40639062499999995 0.11573437499999999 0.15537499999999996
1 0.325234375 0.43071875000000004 0.13657812500000005 0.26651562500000003
1 0.67853125 0.497265625 0.14525000000000005 0.18435937500000002
1 0.97109375 0.46015625 0.0578125 0.1859375
1 0.429109375 0.333171875 0.09779687500000005 0.11656249999999994
1 0.34721875 0.311453125 0.08332812499999998 0.104390625
1 0.98090625 0.3039375 0.03818750000000008 0.11018749999999997
1 0.820890625 0.225203125 0.054984375000000085 0.077734375
0 0.565390625 0.280484375 0.09606250000000002 0.07370312500000002
0 0.65509375 0.279046875 0.039359375000000085 0.08817187500000001
0 0.7092031249999999 0.248359375 0.032984375000000024 0.08237500000000005
0 0.7531875 0.2700625 0.05150000000000006 0.08064062500000002
0 0.9270781250000001 0.277296875 0.05556249999999992 0.08470312499999996
0 0.021875 0.3078125 0.04375 0.10625
5 0.11053125 0.288875 0.082171875 0.080078125
0 0.266203125 0.284828125 0.06712499999999996 0.10670312500000004
0 0.59925 0.4214375 0.06307812500000001 0.10212500000000002
0 0.8298593750000001 0.388453125 0.10417187500000002 0.14031249999999998
0 0.8206093750000001 0.27151562500000004 0.05787499999999994 0.05923437500000004
0 0.526046875 0.24489062499999997 0.052078125000000065 0.061531249999999996
0 0.617765625 0.260515625 0.023734375000000085 0.05806250000000004
0 0.45890624999999996 0.289453125 0.05671874999999993 0.08817187500000001