1 0.063375 0.43996874999999996 0.1163125 0.14612499999999998
1 0.37934375 0.36296875 0.07465625000000005 0.131046875
1 0.9499375000000001 0.27556250000000004 0.08390625000000007 0.08817187500000001
5 0.50578125 0.35950000000000004 0.09490625000000001 0.09631250000000002
0 0.568859375 0.35776562500000003 0.08217187500000005 0.12756250000000002
0 0.682 0.34734375 0.07581249999999998 0.08589062500000004
0 0.8266718750000001 0.390171875 0.06654687499999996 0.08821874999999997
0 0.7907968750000001 0.298140625 0.09201562500000007 0.09859375000000004
5 0.296296875 0.40059374999999997 0.134265625 0.12990624999999997
5 0.20659375 0.40523437500000004 0.1006875 0.10443750000000004
0 0.061921875 0.348796875 0.12384375 0.09920312500000002
0 0.856484375 0.29871875000000003 0.07407812500000013 0.09281249999999996