1 0.85590625 0.3508125 0.09375 0.12062499999999998
1 0.653359375 0.543875 0.08912499999999994 0.2393749999999999
1 0.29195312500000004 0.262546875 0.06539062500000004 0.12810937500000003
0 0.9395312499999999 0.346484375 0.08970312500000013 0.12235937499999996
0 0.88946875 0.6692031249999999 0.15162499999999995 0.31987499999999996
0 0.4444375 0.398 0.10417187499999998 0.12817187500000005
0 0.6067656250000001 0.32506250000000003 0.14409375000000005 0.17675000000000005
0 0.712390625 0.338671875 0.09606250000000002 0.12409374999999997
0 0.13743750000000005 0.32534375 0.13831249999999998 0.06967187499999997
0 0.12268749999999998 0.275859375 0.074078125 0.05054687500000003
2 0.0234375 0.295828125 0.046875 0.10785937500000005
2 0.414359375 0.313484375 0.12268749999999998 0.13276562500000005
2 0.48206249999999995 0.5331718750000001 0.17476562500000004 0.325609375
0 0.9623906249999999 0.272671875 0.06134374999999999 0.10321875