0 0.666015625 0.419921875 0.08723437500000006 0.10285937500000006
1 0.06965625 0.4140625 0.08723437500000002 0.08854687499999994
1 0.322265625 0.4095 0.08723437499999998 0.10546875
1 0.450515625 0.33659374999999997 0.0625 0.08464062500000002
0 0.11653125 0.29035937500000003 0.04296875 0.046875
0 0.33854687499999997 0.30859375 0.052078124999999975 0.046875
0 0.279296875 0.275390625 0.040359374999999975 0.037765625000000025
0 0.583984375 0.28450000000000003 0.032546875000000065 0.04296875
0 0.66471875 0.28776562499999997 0.03515625 0.036453124999999975
5 0.9342499999999999 0.27214062499999997 0.09504687499999989 0.09375
0 0.8619843749999999 0.25390625 0.028640624999999885 0.044265624999999975
2 0.8157500000000001 0.24089062499999997 0.061203125000000115 0.078125
1 0.626953125 0.248046875 0.029953124999999935 0.04296875
1 0.706375 0.25 0.029953124999999935 0.036453124999999975
0 0.51953125 0.25846874999999997 0.033859374999999935 0.040359374999999975