0 0.042828125 0.577140625 0.071765625 0.28507812499999996
0 0.656828125 0.708546875 0.209484375 0.297875
0 0.13773437500000002 0.372796875 0.12268749999999999 0.1194375
0 0.254625 0.2738125 0.09259375 0.10203124999999999
0 0.382515625 0.49146875 0.160875 0.210953125
0 0.65046875 0.49232812499999995 0.196765625 0.146703125
0 0.068859375 0.342703125 0.07523437499999999 0.10785937500000001
0 0.148140625 0.260796875 0.09490625 0.079453125
0 0.37239062500000003 0.271796875 0.1163125 0.11534375
0 0.29571875 0.232140625 0.06365625 0.081171875
4 0.493640625 0.263984375 0.112265625 0.10318750000000002