4 0.22526562499999997 0.528640625 0.2890625 0.29948437499999997
1 0.45378125 0.32878124999999997 0.061203125000000004 0.08203125
1 0.623703125 0.439453125 0.0859375 0.10546875
4 0.857421875 0.59440625 0.27214062499999997 0.31640625
1 0.626953125 0.25325000000000003 0.032546874999999996 0.040359374999999996
2 0.9362031249999999 0.27864062500000003 0.091140625 0.096359375
0 0.33528125000000003 0.32746875000000003 0.053390625000000004 0.05859375
1 0.177734375 0.26301562500000003 0.037765625000000004 0.041671875000000004
0 0.26692187500000003 0.279296875 0.028640624999999996 0.037765625000000004
0 0.587890625 0.28840625000000003 0.03515625 0.04296875
0 0.5579375 0.24479687499999997 0.024734375 0.036453124999999996
0 0.830078125 0.26301562500000003 0.032546874999999996 0.03125