1 0.853125 0.39453125 0.0453125 0.096875
0 0.9375 0.4140625 0.0453125 0.0984375
0 0.53359375 0.4453125 0.0203125 0.0421875
0 0.21640625 0.446875 0.025 0.05625
1 0.01953125 0.44765625 0.0390625 0.0828125
0 0.759375 0.44765625 0.021875 0.053125
0 0.4421875 0.44765625 0.015625 0.034375
1 0.08671875 0.453125 0.021875 0.040625
0 0.27734375 0.45546875 0.0328125 0.08125
0 0.18359375 0.4640625 0.03125 0.071875
1 0.6546875 0.465625 0.0296875 0.0796875
4 0.34375 0.51328125 0.15625 0.25625
0 0.6109375 0.46796875 0.03125 0.065625
1 0.3984375 0.4765625 0.0234375 0.05625
0 0.72421875 0.48671875 0.028125 0.05625