0 0.921875 0.234375 0.06875 0.1296875
0 0.45703125 0.253125 0.1015625 0.159375
0 0.31796875 0.20703125 0.0984375 0.1875
0 0.08671875 0.2578125 0.0984375 0.1625
0 0.1921875 0.19609375 0.103125 0.146875
0 0.575 0.2546875 0.1 0.16875
0 0.7125 0.21171875 0.0625 0.159375
0 0.79765625 0.1765625 0.0828125 0.1375
0 0.40625 0.0984375 0.075 0.11875
0 0.6375 0.1484375 0.06875 0.13125
0 0.8390625 0.08359375 0.053125 0.0703125
0 0.74765625 0.10234375 0.0578125 0.1078125
0 0.91484375 0.075 0.0484375 0.0984375