1 0.55671875 0.376578125 0.11573437500000008 0.18256250000000004
1 0.9282343750000001 0.46832812500000004 0.10185937500000009 0.23065625
1 0.29918750000000005 0.31637499999999996 0.08912500000000004 0.13160937500000003
1 0.048609375000000024 0.4214375 0.09721874999999999 0.14381249999999998
1 0.033859374999999935 0.23853125 0.067703125 0.125203125
0 0.19792187499999994 0.30653125000000003 0.0694375 0.10496875000000001
0 0.09721875000000005 0.38062499999999994 0.0625 0.11426562499999995
0 0.43634375 0.36846875 0.09259374999999999 0.11773437500000003
0 0.8038125 0.439390625 0.11457812499999998 0.15192187500000004
0 0.725109375 0.3815 0.11921874999999993 0.12642187500000004
0 0.90509375 0.34503125 0.17592187499999987 0.10904687500000003
0 0.15914062500000004 0.294390625 0.05671875000000002 0.12232812500000004