1 0.281828125 0.483375 0.1539375 0.18434375
1 0.166375 0.600328125 0.20428125000000003 0.348796875
1 0.035296875 0.32215625000000003 0.070609375 0.087609375
1 0.035875000000000004 0.451546875 0.0648125 0.19012500000000002
1 0.52921875 0.3635625 0.08275 0.13915625
0 0.28645312500000003 0.34271875 0.079859375 0.12525
0 0.37760937499999997 0.34504687500000003 0.13368750000000001 0.19239062499999998
0 0.470203125 0.44632812499999996 0.11053125 0.124140625
0 0.5436875 0.280203125 0.056140625 0.08354687499999999
0 0.7210625 0.27209374999999997 0.067125 0.07428125
0 0.87615625 0.33199999999999996 0.1273125 0.09340625
0 0.885703125 0.270640625 0.087390625 0.09568750000000001
5 0.683734375 0.3525625 0.155671875 0.151875
2 0.984375 0.34128125 0.03125 0.21612499999999998
0 0.1429375 0.413625 0.098375 0.1594375