1 0.659140625 0.433015625 0.116890625 0.146125
1 0.953125 0.472953125 0.0868125 0.163515625
1 0.253765625 0.431859375 0.1985 0.1438125
0 0.44328124999999996 0.3855625 0.15046874999999998 0.18315625
0 0.0625 0.29293749999999996 0.09721874999999999 0.17153125
0 0.862265625 0.408703125 0.085640625 0.139171875
0 0.5711875 0.278171875 0.0868125 0.08990625
0 0.125 0.270359375 0.0694375 0.043015625
0 0.33854687499999997 0.32418749999999996 0.072921875 0.10207812499999999
0 0.46296875000000004 0.288875 0.03703125 0.087015625
0 0.658859375 0.277296875 0.036453124999999996 0.063859375
0 0.627890625 0.25587499999999996 0.019671875 0.041859375
0 0.741890625 0.272390625 0.074078125 0.08528125
0 0.8203125 0.26746875000000003 0.095484375 0.07890625
0 0.9065468750000001 0.258203125 0.05265625 0.08121874999999999
0 0.28125 0.269484375 0.041671875000000004 0.058640625
0 0.193578125 0.27556250000000004 0.04340625 0.088171875
0 0.8188593750000001 0.22809374999999998 0.047453125 0.055734375
5 0.421875 0.290609375 0.052078124999999996 0.08354687499999999