0 0.8522187499999999 0.614578125 0.15234375 0.19270312500000006
0 0.8489531250000001 0.35871875000000003 0.078125 0.10285937499999998
0 0.569015625 0.481125 0.0859375 0.09245312499999994
0 0.477859375 0.4108125 0.06770312500000006 0.07421875
0 0.31315625 0.28254687500000003 0.048171874999999975 0.0625
0 0.134765625 0.32682812499999997 0.061203125000000025 0.049484375000000025
2 0.425125 0.30207812500000003 0.13410937500000003 0.09895312499999998
1 0.23176562499999998 0.23893749999999997 0.046875 0.045578125000000025
0 0.026046874999999935 0.3046875 0.052078124999999996 0.046875
0 0.7389374999999999 0.38151562499999997 0.06901562499999994 0.049484375000000025
0 0.259765625 0.29753124999999997 0.032546874999999975 0.032546874999999975