0 0.14778124999999998 0.614578125 0.15234374999999997 0.19270312500000006
0 0.151046875 0.35871875000000003 0.078125 0.10285937499999998
0 0.430984375 0.481125 0.0859375 0.09245312499999994
0 0.522140625 0.4108125 0.06770312500000006 0.07421875
0 0.68684375 0.28254687500000003 0.048171875000000065 0.0625
0 0.865234375 0.32682812499999997 0.061203125000000115 0.049484375000000025
2 0.574875 0.30207812500000003 0.13410937500000006 0.09895312499999998
1 0.768234375 0.23893749999999997 0.046875 0.045578125000000025
0 0.9739531250000001 0.3046875 0.052078124999999885 0.046875
0 0.26106250000000003 0.38151562499999997 0.06901562500000002 0.049484375000000025
0 0.740234375 0.29753124999999997 0.032546875000000065 0.032546874999999975