0 0.13671875 0.4171875 0.046875 0.0984375
0 0.04140625 0.43515625 0.053125 0.09375
1 0.56015625 0.4453125 0.0171875 0.034375
0 0.24140625 0.446875 0.021875 0.05625
0 0.73359375 0.4484375 0.034375 0.0859375
0 0.7796875 0.4484375 0.0234375 0.05625
0 0.4640625 0.45078125 0.0203125 0.0484375
0 0.64140625 0.4546875 0.0359375 0.0828125
0 0.6671875 0.4546875 0.0203125 0.0484375
0 0.9765625 0.45546875 0.0375 0.0875
1 0.91640625 0.45859375 0.025 0.05
0 0.39375 0.459375 0.03125 0.065625
0 0.80859375 0.46328125 0.0390625 0.075
1 0.34609375 0.465625 0.03125 0.0796875
0 0.27421875 0.4859375 0.028125 0.0546875