2 0.15104687499999997 0.479328125 0.22568749999999999 0.22487499999999994
0 0.9600625 0.457625 0.07985937499999984 0.26826562500000006
0 0.388890625 0.39712499999999995 0.09028124999999995 0.116015625
0 0.478015625 0.394234375 0.12268749999999998 0.16578125000000005
0 0.29803125 0.372234375 0.08217187500000005 0.06621874999999999
0 0.7361093750000001 0.346765625 0.15971875000000005 0.13335937500000003
0 0.871234375 0.367609375 0.1001093749999999 0.0916875
0 0.844328125 0.3131875 0.09143749999999998 0.11481250000000003
0 0.903359375 0.288015625 0.0844843749999999 0.12348437500000005
0 0.059609374999999985 0.36153124999999997 0.112265625 0.09689062499999998
0 0.5451406249999999 0.337796875 0.09028124999999995 0.08414062500000004