1 0.44328124999999996 0.376578125 0.11573437500000008 0.18256250000000004
1 0.07176562500000001 0.46832812500000004 0.101859375 0.23065625
1 0.7008125 0.31637499999999996 0.08912499999999994 0.13160937500000003
1 0.9513906249999999 0.4214375 0.09721875000000005 0.14381249999999995
1 0.9661406250000001 0.23853125 0.06770312499999989 0.125203125
0 0.8020781250000001 0.30653125000000003 0.06943750000000008 0.10496875000000001
0 0.90278125 0.38062499999999994 0.0625 0.114265625
0 0.56365625 0.36846875 0.09259374999999999 0.11773437500000003
0 0.19618750000000001 0.439390625 0.11457812499999998 0.15192187500000004
0 0.274890625 0.3815 0.11921875000000001 0.12642187500000004
0 0.09490625 0.34503125 0.175921875 0.10904687500000003
0 0.840859375 0.294390625 0.05671874999999993 0.12232812500000004