5 0.21875 0.561828125 0.24306250000000001 0.27526562499999996
0 0.136 0.3838125 0.133109375 0.13799999999999998
5 0.47164062500000004 0.46428125 0.10301562500000001 0.153078125
5 0.5329843750000001 0.397703125 0.107640625 0.12410937500000001
0 0.877890625 0.3094375 0.082171875 0.110765625
4 0.56596875 0.2645625 0.0625 0.08006250000000001
5 0.37615625 0.32940625 0.09953125 0.098609375
5 0.250296875 0.352546875 0.087390625 0.110203125
1 0.33478125 0.47121874999999996 0.12442187499999999 0.194765625
1 0.7109375 0.27846875 0.064234375 0.09396875
0 0.8807812500000001 0.25240625 0.08796875 0.069640625