1 0.1994375 0.637078125 0.16756249999999998 0.21190625000000002
0 0.39312500000000006 0.527453125 0.09378125000000001 0.132828125
0 0.50078125 0.47284375 0.098828125 0.08879687500000007
0 0.2739375 0.39262500000000006 0.09154687500000006 0.06273437500000001
5 0.37078125 0.345171875 0.07901562500000003 0.09417187499999997
1 0.074640625 0.162453125 0.042984375000000005 0.05193750000000001
0 0.5646093750000001 0.25915625000000003 0.041312500000000085 0.05515625000000002
0 0.6716249999999999 0.30521875 0.06403125000000003 0.04934374999999998
0 0.844140625 0.324671875 0.061499999999999846 0.059765625
0 0.7500312499999999 0.284609375 0.04376562499999999 0.043187499999999976
0 0.972640625 0.292640625 0.05471874999999997 0.054390625000000005