1 0.04040625 0.451453125 0.08079687500000002 0.107359375
1 0.9262812500000001 0.415515625 0.08024999999999985 0.09420312499999998
1 0.4755625 0.352671875 0.053796874999999925 0.06696875000000002
1 0.090015625 0.348546875 0.06395312500000001 0.06875
0 0.224828125 0.410875 0.05323437499999999 0.05592187499999999
0 0.312046875 0.41423437500000004 0.059375 0.07489062499999996
0 0.389953125 0.42315625 0.06896874999999998 0.06126562500000001
1 0.5681875 0.3489375 0.05803124999999998 0.06775000000000002
0 0.718296875 0.350609375 0.04420312499999994 0.07131249999999997
0 0.833375 0.38615625 0.056703124999999945 0.076109375
0 0.7813125000000001 0.34368750000000003 0.04743750000000002 0.06193749999999998
0 0.8550156250000001 0.306140625 0.0390625 0.04240624999999998
0 0.971265625 0.30657812500000003 0.032468749999999956 0.04375