0 0.8888906249999999 0.419140625 0.125 0.25725
0 0.274890625 0.23159375 0.11921875 0.18076562499999999
0 0.43403125 0.262265625 0.145828125 0.21434375
4 0.714703125 0.19453125 0.089125 0.13443750000000002
0 0.412609375 0.09323437500000001 0.082171875 0.147125
0 0.03471875 0.2663125 0.0694375 0.201625
0 0.56134375 0.179484375 0.053234375 0.125171875
0 0.636578125 0.15575 0.057874999999999996 0.112421875
2 0.78125 0.20321875 0.09721874999999999 0.186546875
2 0.9143593750000001 0.092078125 0.0648125 0.110078125
0 0.9311406249999999 0.22665625 0.105328125 0.11882812499999999
0 0.7439218750000001 0.106546875 0.067703125 0.104296875