0 0.067703125 0.430125 0.12846875 0.11950000000000001
0 0.318859375 0.40406250000000005 0.07523437499999999 0.09517187499999999
0 0.082171875 0.34271875 0.08796875 0.09746875
0 0.414359375 0.395390625 0.09259375 0.15421875000000002
0 0.4913125 0.3948125 0.114578125 0.118328125
0 0.5 0.34184375 0.09721874999999999 0.099203125
0 0.738421875 0.350234375 0.08101562500000001 0.09862499999999999
0 0.796875 0.35139062499999996 0.072921875 0.12178125
0 0.8344843750000001 0.37107812500000004 0.071765625 0.09864062500000001
0 0.874421875 0.293796875 0.07523437499999999 0.093390625
5 0.23640625 0.401171875 0.101265625 0.10328124999999999
0 0.9592031249999999 0.426359375 0.08159374999999999 0.13628125
2 0.96528125 0.32853125 0.0694375 0.14896875