1 0.04157812500000002 0.46139062500000005 0.08315625 0.11517187500000006
1 0.6901718750000001 0.419203125 0.07232812499999994 0.10067187499999997
1 0.9401718750000001 0.41712499999999997 0.07053125000000016 0.08224999999999998
1 0.579078125 0.337046875 0.051671875000000075 0.08259375000000002
1 0.15685937499999997 0.401953125 0.08359375 0.07467187499999998
0 0.356703125 0.45475000000000004 0.08839062500000003 0.10390625
0 0.8551874999999999 0.28314062500000003 0.03515625 0.0453125
0 0.68465625 0.252453125 0.03895312499999992 0.040625
0 0.416578125 0.2885625 0.04296875 0.03448437499999999
0 0.46299999999999997 0.25290625 0.03582812499999992 0.03057812499999999
0 0.321265625 0.2770625 0.03203125 0.04006249999999998
0 0.13895312499999993 0.2568125 0.03615624999999998 0.03235937499999997
0 0.08493750000000003 0.258703125 0.04375 0.03459374999999998
0 0.18443749999999995 0.251234375 0.03224999999999998 0.02610937499999997
0 0.24860937500000002 0.275171875 0.03895312500000001 0.02712500000000002