1 0.9450156249999999 0.47671875 0.10995312499999983 0.1258906249999999
1 0.660015625 0.415359375 0.13484374999999993 0.12817187499999996
1 0.422171875 0.35053125 0.08275000000000006 0.10267187499999997
1 0.893515625 0.32071875 0.09490625000000001 0.10903124999999995
1 0.539359375 0.37281250000000005 0.08101562500000004 0.09515624999999997
1 0.04253125000000004 0.389890625 0.08506250000000008 0.13973437500000002
1 0.02109375 0.25078125 0.0421875 0.1515625
1 0.322921875 0.325359375 0.09721875000000005 0.13912500000000003
4 0.78471875 0.45385937500000006 0.15278124999999995 0.15307812500000004
5 0.501453125 0.346765625 0.08390625000000007 0.1055625
0 0.2245312499999999 0.343296875 0.09259375000000007 0.1055625
0 0.16376562499999991 0.387578125 0.08912499999999994 0.14204687499999996
0 0.16260937500000008 0.29118750000000004 0.049765624999999855 0.06387499999999999