1 0.95428125 0.46051562500000004 0.08449999999999988 0.09807812499999997
1 0.08506250000000008 0.419421875 0.07523437500000014 0.07837499999999994
1 0.916078125 0.35690625 0.06829687500000006 0.052874999999999964
0 0.781828125 0.44690624999999995 0.052078124999999885 0.06507812499999996
0 0.67275 0.43534375000000003 0.07464062499999997 0.07895312499999996
0 0.280671875 0.35371874999999997 0.05209375000000005 0.06618750000000002
0 0.21179687499999994 0.33925 0.057859375000000046 0.06965624999999998
0 0.162328125 0.38670312500000004 0.05612500000000011 0.06968750000000004
0 0.14090624999999993 0.30684374999999997 0.04340624999999996 0.039546875
0 0.5923125 0.37775 0.059609374999999964 0.06910937500000003
5 0.451109375 0.385546875 0.07349999999999994 0.06506249999999998
5 0.5060781249999999 0.35978125 0.07003125000000007 0.05173437500000002