0 0.88125 0.403125 0.1171875 0.228125
0 0.43515625 0.26640625 0.096875 0.15625
0 0.28046875 0.2421875 0.090625 0.14375
0 0.18359375 0.20546875 0.0890625 0.121875
0 0.02578125 0.26640625 0.0515625 0.140625
0 0.5734375 0.1734375 0.0765625 0.1
0 0.4 0.1203125 0.075 0.1015625
0 0.703125 0.17734375 0.0609375 0.13125
0 0.9203125 0.2234375 0.0828125 0.1109375
0 0.78125 0.18125 0.075 0.1203125
0 0.840625 0.07265625 0.0515625 0.0890625
0 0.909375 0.07578125 0.05 0.0796875
0 0.621875 0.1375 0.06875 0.0953125