1 0.611328125 0.4609375 0.084640625 0.1015625
0 0.46940625 0.34700000000000003 0.06640625 0.08984375
0 0.8072968749999999 0.425125 0.080734375 0.079421875
1 0.966796875 0.43684375 0.06640625 0.134109375
1 0.22395312500000003 0.446609375 0.080734375 0.1015625
0 0.030593749999999996 0.4655 0.061203125000000004 0.084640625
1 0.09440625 0.33203125 0.05078125 0.0703125
0 0.02734375 0.32942187500000003 0.049484375000000004 0.046875
0 0.1360625 0.28190624999999997 0.03515625 0.037765625000000004
0 0.32292187499999997 0.34049999999999997 0.0546875 0.048171874999999996
0 0.36653125000000003 0.29296875 0.032546874999999996 0.036453124999999996
2 0.27995312499999997 0.27214062499999997 0.111984375 0.088546875
0 0.65234375 0.28254687500000003 0.0390625 0.046875
0 0.58659375 0.29296875 0.03515625 0.03125
0 0.44921875 0.20182812499999997 0.026046875000000004 0.03125
0 0.9322968749999999 0.24479687499999997 0.028640624999999996 0.036453124999999996
0 0.82421875 0.26692187500000003 0.033859375000000004 0.033859375000000004
0 0.739578125 0.26628124999999997 0.03125 0.037765625000000004