4 0.6094375000000001 0.549296875 0.34364062500000003 0.348546875
1 0.30028125 0.4255625 0.04325 0.08284375000000001
1 0.06546874999999999 0.41312499999999996 0.052671875 0.06825
1 0.97396875 0.45242187500000003 0.0520625 0.092296875
1 0.43899999999999995 0.34500000000000003 0.04721875 0.059750000000000004
0 0.8485781250000001 0.43140625000000005 0.064328125 0.047484375
0 0.33628125 0.313578125 0.047531250000000004 0.04365625
5 0.0955 0.304375 0.0373125 0.038375
0 0.014984375 0.33253125 0.02996875 0.04521875
0 0.57503125 0.289296875 0.027625 0.0290625
0 0.27473437500000003 0.297140625 0.025984374999999997 0.026515624999999998
0 0.540328125 0.251328125 0.020734375 0.026046875000000004
0 0.9126093750000001 0.269 0.0283125 0.02753125
0 0.6319375 0.291265625 0.02425 0.030390624999999998
0 0.7961406249999999 0.24803125 0.019328124999999998 0.01946875