1 0.14409375 0.3508125 0.09375 0.12062499999999998
1 0.346640625 0.543875 0.08912500000000004 0.2393749999999999
1 0.708046875 0.262546875 0.06539062500000004 0.12810937500000003
0 0.06046875 0.346484375 0.089703125 0.12235937499999996
0 0.11053125 0.6692031249999999 0.15162499999999998 0.31987499999999996
0 0.5555625 0.398 0.10417187499999994 0.12817187500000005
0 0.39323437499999997 0.32506250000000003 0.14409374999999996 0.17675000000000005
0 0.287609375 0.338671875 0.09606250000000002 0.12409374999999997
0 0.8625624999999999 0.32534375 0.13831249999999998 0.06967187499999997
0 0.8773125 0.275859375 0.07407812500000013 0.05054687500000003
2 0.9765625 0.295828125 0.046875 0.10785937500000005
2 0.585640625 0.313484375 0.12268749999999998 0.13276562500000005
2 0.5179375 0.5331718750000001 0.17476562500000004 0.325609375
0 0.037609375 0.272671875 0.06134375000000001 0.10321875