1 0.02265625 0.4484375 0.0453125 0.103125
1 0.35512499999999997 0.47821875 0.058375000000000024 0.078515625
1 0.6950000000000001 0.431328125 0.04876562499999988 0.07095312499999995
1 0.9336718749999999 0.411421875 0.04818749999999987 0.06809375000000006
1 0.55534375 0.330953125 0.046609375000000064 0.06370312499999997
0 0.866546875 0.28312499999999996 0.027640625000000085 0.033140624999999965
0 0.7255625 0.295484375 0.024593750000000015 0.026187499999999985
0 0.643328125 0.315859375 0.034250000000000114 0.04056249999999997
0 0.154875 0.431703125 0.055859375 0.0453125
1 0.17882812500000006 0.23534375000000002 0.020265625000000044 0.022031250000000037
1 0.03778124999999992 0.326515625 0.04551562500000017 0.05835937500000003
0 0.350328125 0.289296875 0.01857812499999998 0.029671875000000014
0 0.41353125 0.29812500000000003 0.02059374999999992 0.026218749999999957
0 0.38303125 0.26187499999999997 0.021781250000000085 0.027609375000000026