1 0.958421875 0.46139062500000005 0.08315625000000004 0.11517187500000006
1 0.309828125 0.419203125 0.07232812500000003 0.10067187499999997
1 0.059828124999999996 0.41712499999999997 0.07053125 0.08224999999999998
1 0.420921875 0.337046875 0.051671875000000034 0.08259375000000002
1 0.843140625 0.401953125 0.08359375 0.07467187499999998
0 0.643296875 0.45475000000000004 0.08839062500000008 0.10390625
0 0.1448125 0.28314062500000003 0.03515625 0.0453125
0 0.31534375 0.252453125 0.03895312500000001 0.040625
0 0.583421875 0.2885625 0.04296875 0.03448437499999999
0 0.537 0.25290625 0.03582812499999992 0.03057812499999999
0 0.678734375 0.2770625 0.03203125 0.04006249999999998
0 0.8610468750000001 0.2568125 0.036156250000000154 0.03235937499999997
0 0.9150625 0.258703125 0.04375 0.03459374999999998
0 0.8155625000000001 0.251234375 0.03225000000000007 0.02610937499999997
0 0.751390625 0.275171875 0.03895312499999992 0.02712500000000002