6 0.15032812499999998 0.490515625 0.1234375 0.360484375
0 0.05625 0.43046875 0.046875 0.0921875
0 0.2421875 0.4453125 0.025 0.0578125
1 0.55625 0.446875 0.0171875 0.0375
0 0.78046875 0.446875 0.0234375 0.0609375
0 0.7265625 0.45 0.0359375 0.0828125
1 0.46484375 0.45078125 0.01875 0.046875
0 0.6421875 0.45390625 0.0359375 0.08125
1 0.91484375 0.45859375 0.0265625 0.0421875
1 0.39609375 0.459375 0.028125 0.0640625
0 0.97890625 0.4609375 0.0390625 0.0875
2 0.8207656249999999 0.495421875 0.099546875 0.20334375
4 0.34765625 0.46796875 0.028125 0.0796875
0 0.27421875 0.48046875 0.028125 0.0609375
2 0.646203125 0.73884375 0.002234375 0.00446875