1 0.066125 0.41373437500000004 0.079125 0.0859375
1 0.31278125 0.422875 0.07645312500000001 0.08214062500000004
1 0.9546875 0.4811875 0.0859375 0.11707812499999992
0 0.5786875 0.486390625 0.06182812500000008 0.1015625
0 0.8624375000000001 0.415125 0.08493749999999985 0.08537499999999998
0 0.150390625 0.280015625 0.03962500000000002 0.044859374999999965
1 0.29626562500000003 0.25770312500000003 0.03693749999999998 0.04620312499999999
0 0.48515625 0.284203125 0.039953125000000075 0.03782812499999997
0 0.644640625 0.293859375 0.03370312500000008 0.03482812500000003
0 0.58303125 0.28895312500000003 0.04375 0.039281249999999976
0 0.53621875 0.25290625 0.03359375 0.02879687500000001
1 0.7135 0.24676562500000002 0.030140624999999942 0.03548437499999997
0 0.8594375 0.255140625 0.033812500000000155 0.03526562499999999
0 0.8182499999999999 0.25206249999999997 0.03046875 0.03292187499999999
5 0.9135 0.25340625 0.0399531249999999 0.05970312499999997