4 0.6094375000000001 0.549296875 0.3436406249999999 0.34854687500000003
1 0.30028125 0.4255625 0.04325000000000001 0.08284374999999997
1 0.06546874999999999 0.41312499999999996 0.05267187499999999 0.06824999999999996
1 0.97396875 0.45242187500000003 0.0520624999999999 0.09229687500000008
1 0.43899999999999995 0.34500000000000003 0.047218750000000045 0.05975000000000001
0 0.8485781250000001 0.43140625000000005 0.06432812500000011 0.04748437499999998
0 0.33628125 0.313578125 0.047531250000000025 0.043656249999999994
5 0.0955 0.304375 0.037312500000000005 0.038375000000000006
0 0.014984375 0.33253125 0.02996875 0.045218749999999995
0 0.57503125 0.289296875 0.02762499999999992 0.029062500000000036
0 0.27473437500000003 0.297140625 0.025984374999999994 0.026515624999999952
0 0.540328125 0.251328125 0.02073437499999997 0.026046875000000025
0 0.9126093750000001 0.269 0.02831249999999983 0.027531250000000007
0 0.6319375 0.291265625 0.024249999999999973 0.030390624999999984
0 0.7961406249999999 0.24803125 0.01932812499999992 0.01946874999999997