0 0.458328125 0.3919218750000001 0.06510937499999994 0.0859375
1 0.055984374999999996 0.4576875 0.08854687499999998 0.12109375
1 0.251953125 0.41340625 0.07682812500000002 0.07942187500000006
1 0.0891875 0.349609375 0.07421875 0.05859375
1 0.11653125 0.35090625000000003 0.0012968750000000196 0.0012968749999999751
1 0.9459687499999999 0.4095 0.08723437499999989 0.10026562499999994
0 0.849609375 0.376953125 0.06640625 0.08203125
0 0.35871875000000003 0.39128124999999997 0.07421875 0.06901562500000002
0 0.57096875 0.384765625 0.05859375 0.06379687500000006
0 0.8430937500000001 0.29621875000000003 0.03515625 0.040359374999999975
0 0.966796875 0.298828125 0.032546874999999885 0.04296875
0 0.786453125 0.34504687500000003 0.049484374999999935 0.059890624999999975