1 0.398734375 0.37889062500000004 0.12384374999999999 0.13162500000000002
1 0.08246875000000001 0.46224999999999994 0.126734375 0.18029687499999997
0 0.21382812499999998 0.411890625 0.11864062500000001 0.11428124999999997
1 0.078125 0.334609375 0.12153125000000001 0.11598437500000003
0 0.8616875 0.38034375 0.07754687500000017 0.10326562499999996
0 0.5749375 0.354296875 0.09085937499999996 0.113671875
2 0.73525 0.35834375 0.1336875000000001 0.13567187499999997
0 0.9548593750000001 0.30046875 0.05556249999999992 0.14490625000000001
0 0.2725625 0.352546875 0.09375 0.11020312499999996
0 0.48148437499999996 0.32621875 0.07407812499999995 0.088765625
0 0.7983281249999999 0.32940625 0.05150000000000006 0.09167187500000003
0 0.8483750000000001 0.311453125 0.09259374999999999 0.104390625