0 0.6634218749999999 0.708390625 0.23928124999999997 0.30809375
0 0.0495 0.5685156250000001 0.098984375 0.27834375
0 0.37228125 0.43150000000000005 0.163265625 0.2230625
0 0.5240781250000001 0.42659375 0.12934375 0.12575
0 0.096859375 0.35209375 0.13115625 0.15175
0 0.5354375 0.296640625 0.11456249999999998 0.11584375
0 0.152171875 0.258203125 0.07209375 0.069734375
0 0.36640625 0.2546875 0.06398437500000001 0.104546875
0 0.29078125 0.24034375 0.064546875 0.07370312500000001
0 0.20754687500000002 0.253234375 0.05254687500000001 0.091546875
0 0.470515625 0.236078125 0.065953125 0.082234375