1 0.131375 0.61790625 0.1251875 0.19143749999999998
1 0.15984375 0.3560625 0.09464062499999999 0.09895312500000006
1 0.6871875000000001 0.2844375 0.04826562499999998 0.04803125000000001
0 0.48678125000000005 0.483703125 0.10026562499999994 0.07375000000000007
0 0.025328125 0.38725 0.05065625 0.06851562500000004
0 0.3759374999999999 0.365734375 0.06326562500000002 0.048828125
2 0.582546875 0.29621875000000003 0.08378125 0.10876562500000002
0 0.8695468749999999 0.338890625 0.05776562500000004 0.06284375000000005
0 0.742046875 0.28246875 0.04757812500000007 0.05070312499999998
0 0.835765625 0.1760625 0.05895312500000003 0.03439062499999999
0 0.97853125 0.312453125 0.04293750000000003 0.03462500000000004