0 0.22568749999999999 0.25040625 0.15971875000000002 0.19409375
2 0.9201406249999999 0.5369375 0.15971875000000005 0.392171875
0 0.652203125 0.32360937500000003 0.09837500000000006 0.08703124999999998
0 0.8495312500000001 0.300453125 0.0717656250000001 0.07545312500000004
0 0.50434375 0.29090625000000003 0.057296874999999935 0.05287500000000005
0 0.374125 0.28946875 0.046875 0.11596875000000004
0 0.950234375 0.32014062499999996 0.09953125000000007 0.073140625
0 0.8101875 0.27759375 0.05323437499999999 0.07485937500000003
0 0.702546875 0.32014062499999996 0.06018749999999997 0.08703124999999998
0 0.613421875 0.293796875 0.05092187500000005 0.06560937500000001
0 0.41637500000000005 0.25009375 0.031828125000000006 0.06500000000000003
0 0.12384374999999999 0.260515625 0.050921875000000005 0.08584375
0 0.04137500000000003 0.265140625 0.05265625 0.06732812500000004
2 0.40971875 0.471234375 0.16667187499999997 0.292015625
2 0.1171875 0.455609375 0.14409375 0.26075
5 0.5601875 0.28454687500000003 0.09490625000000001 0.08875000000000002