0 0.31184375000000003 0.21484375 0.06379687499999998 0.0703125
1 0.0826875 0.328125 0.04817187500000002 0.0546875
0 0.028640624999999996 0.33203125 0.046875 0.041671875000000025
0 0.047531250000000004 0.463546875 0.063796875 0.0859375
0 0.23698437499999997 0.4420625 0.08332812499999998 0.11067187500000006
1 0.630859375 0.42903125 0.07942187500000006 0.09765625
1 0.9713593749999999 0.442703125 0.0546875 0.12239062500000006
0 0.8020781250000001 0.4296875 0.08073437500000011 0.07551562500000006
0 0.4655 0.28581249999999997 0.03515625 0.053390625000000025
0 0.58984375 0.28776562499999997 0.0390625 0.044265624999999975
0 0.6608125 0.28515625 0.03515625 0.0390625
5 0.9309843750000001 0.29231250000000003 0.0859375 0.06901562500000002
0 0.8268281249999999 0.26628124999999997 0.03125 0.037765625000000025
0 0.622390625 0.26171875 0.028640625000000065 0.033859375000000025
0 0.130859375 0.279296875 0.04296875 0.05078125