4 0.05787499999999999 0.554015625 0.11573437499999999 0.36034375
2 0.614578125 0.45385937500000006 0.1875 0.22254687500000006
2 0.807578125 0.44692187499999997 0.11168750000000002 0.20170312500000004
4 0.327546875 0.397421875 0.14814062499999997 0.21731249999999996
0 0.0381875 0.343296875 0.0555625 0.13334374999999996
0 0.11573437499999999 0.2856875 0.05787499999999999 0.056343750000000005
0 0.182296875 0.272375 0.06596874999999999 0.071390625
0 0.27575 0.288015625 0.04109375000000002 0.054031249999999975
0 0.36457812500000003 0.289453125 0.08332812499999998 0.08817187500000001
0 0.4609375 0.280203125 0.06423437500000002 0.06965624999999998
0 0.54021875 0.29409375 0.08390625000000007 0.08354687499999995
0 0.582171875 0.276140625 0.07407812499999995 0.08932812500000002
0 0.6640625 0.277296875 0.060765624999999976 0.05692187500000001
0 0.739578125 0.25212500000000004 0.0694374999999999 0.08642187500000001
0 0.804109375 0.23735937499999998 0.028359375000000055 0.03953125000000002
0 0.8567656250000001 0.259359375 0.036453124999999885 0.06964062499999998
0 0.9456093750000001 0.26225 0.09953125000000007 0.10321875
1 0.9444375 0.505953125 0.11110937499999984 0.20173437500000002