0 0.067125 0.59684375 0.12037500000000001 0.230703125
0 0.63715625 0.5074062500000001 0.14931250000000001 0.18031250000000001
0 0.65190625 0.717234375 0.22395312500000003 0.2770625
4 0.390921875 0.47296875 0.11864062500000001 0.19823437500000002
0 0.306140625 0.44140625 0.06365625 0.11776562500000001
0 0.121234375 0.392203125 0.120953125 0.144375
0 0.4756875 0.25182812499999996 0.0694375 0.08931249999999999
0 0.047171875 0.3415625 0.09085937499999999 0.1229375
0 0.289359375 0.24546874999999999 0.078703125 0.076578125
0 0.370953125 0.294671875 0.082171875 0.09859375000000001
0 0.5515 0.30625 0.082171875 0.14259375000000002
0 0.19415625 0.25182812499999996 0.07234375 0.082375
0 0.140328125 0.26746875000000003 0.0758125 0.065015625