0 0.22164062499999998 0.70684375 0.133109375 0.1612343750000001
0 0.377890625 0.530859375 0.08910937500000005 0.08707812500000003
0 0.5023125 0.4891875 0.08795312499999994 0.06390624999999997
0 0.267359375 0.40523437500000004 0.07870312500000001 0.06504687499999999
0 0.383671875 0.3644375 0.059015624999999974 0.06329687499999999
0 0.02265625 0.32890625 0.0453125 0.1921875
0 0.563359375 0.29235937500000003 0.03529687500000005 0.04532812499999998
0 0.675921875 0.27384375 0.043984374999999964 0.04764062500000001
0 0.744796875 0.2801875 0.047453125000000006 0.05110937499999997
0 0.8518437499999999 0.332875 0.05787499999999994 0.05692187500000001
0 0.9357656249999999 0.195125 0.054390624999999915 0.059171875000000006
1 0.01953125 0.446875 0.0390625 0.134375