5 0.123171875 0.45992187500000004 0.16324999999999998 0.2985468749999999
2 0.497890625 0.489859375 0.13207812499999996 0.23670312500000001
0 0.19375 0.6131875 0.08156249999999998 0.14476562499999995
0 0.27509375 0.39375 0.068359375 0.06693750000000005
6 0.8879531249999999 0.33201562500000004 0.20281249999999992 0.170328125
5 0.3858125 0.360328125 0.05512500000000005 0.06496874999999998
5 0.5619531249999999 0.27659375 0.07915624999999996 0.10103125000000004
0 0.023281250000000003 0.34581249999999997 0.046546875 0.06528124999999996
1 0.534203125 0.39504687499999996 0.05754687500000007 0.092765625
1 0.696265625 0.27509375 0.04723437500000003 0.05607812499999998
1 0.97934375 0.304546875 0.041312500000000085 0.154