6 0.630203125 0.577453125 0.28125 0.36209375
1 0.34809375 0.43215624999999996 0.14409375 0.175640625
1 0.067125 0.401765625 0.09953125 0.18084375
1 0.9713593749999999 0.45009375 0.057296875000000004 0.190703125
1 0.44039062500000004 0.32071875 0.151625 0.143765625
1 0.128765625 0.295828125 0.087390625 0.087015625
1 0.8020781250000001 0.232734375 0.0555625 0.058046875
1 0.70196875 0.253859375 0.112265625 0.082953125
0 0.58478125 0.279046875 0.10359375 0.088171875
0 0.251734375 0.2709375 0.05903125 0.058062499999999996
0 0.34375 0.321296875 0.076390625 0.096296875
0 0.17275000000000001 0.27440625 0.05034375 0.07196875
0 0.043109375 0.28771874999999997 0.068859375 0.084703125
0 0.65190625 0.26196875 0.0711875 0.078328125
0 0.8703749999999999 0.252984375 0.074078125 0.06384375
0 0.9120312500000001 0.23996875 0.053234375 0.04821875
0 0.526625 0.246625 0.039359375 0.051109375
0 0.870953125 0.3901875 0.082171875 0.150734375