0 0.86328125 0.4171875 0.046875 0.0984375
0 0.95859375 0.43515625 0.053125 0.09375
1 0.43984375 0.4453125 0.0171875 0.034375
0 0.75859375 0.446875 0.021875 0.05625
0 0.26640625 0.4484375 0.034375 0.0859375
0 0.2203125 0.4484375 0.0234375 0.05625
0 0.5359375 0.45078125 0.0203125 0.0484375
0 0.35859375 0.4546875 0.0359375 0.0828125
0 0.3328125 0.4546875 0.0203125 0.0484375
0 0.0234375 0.45546875 0.0375 0.0875
1 0.08359375 0.45859375 0.025 0.05
0 0.60625 0.459375 0.03125 0.065625
0 0.19140625 0.46328125 0.0390625 0.075
1 0.65390625 0.465625 0.03125 0.0796875
0 0.72578125 0.4859375 0.028125 0.0546875