0 0.8327500000000001 0.401765625 0.116890625 0.25725
0 0.50115625 0.456171875 0.16203125000000002 0.11603125
0 0.10879687499999999 0.40812499999999996 0.141203125 0.124125
0 0.408859375 0.301921875 0.11284374999999999 0.17906249999999999
0 0.56134375 0.395390625 0.10879687499999999 0.16115625
0 0.288765625 0.370203125 0.105328125 0.121203125
0 0.54484375 0.281640625 0.14178125 0.069078125
0 0.71990625 0.259359375 0.0648125 0.1113125
0 0.9861093750000001 0.285984375 0.02778125 0.095125
2 0.0225625 0.409578125 0.03125 0.234671875
1 0.210640625 0.5722343750000001 0.34490625 0.171078125
1 0.757515625 0.224921875 0.084484375 0.080625