0 0.394390625 0.374265625 0.10475000000000001 0.11542187500000001
1 0.068578125 0.4755625 0.11284374999999999 0.1721875
1 0.9548593750000001 0.41537499999999994 0.09028125000000001 0.197640625
1 0.9577500000000001 0.29178125 0.07523437499999999 0.11364062500000001
0 0.58390625 0.38584375 0.084484375 0.14553125
0 0.084203125 0.3571875 0.109375 0.105578125
0 0.874421875 0.288875 0.06828125 0.10785937500000001
0 0.8125 0.369625 0.104171875 0.0853125
0 0.672453125 0.37165625 0.12268749999999999 0.14840625000000002
0 0.809609375 0.314359375 0.06365625 0.1101875
1 0.312203125 0.401765625 0.11399999999999999 0.16695312499999998
5 0.196765625 0.43881249999999994 0.11573437499999999 0.157703125