1 0.079859375 0.46109375 0.15278125 0.17796875
1 0.938078125 0.42289062499999996 0.11921875 0.18490625
1 0.09028125000000001 0.349953125 0.09028125000000001 0.11540625
0 0.234953125 0.43764062499999995 0.12268749999999999 0.127609375
0 0.327828125 0.41565624999999995 0.14525 0.118328125
0 0.713546875 0.3461875 0.0868125 0.10440624999999999
0 0.79225 0.321296875 0.098375 0.13103125
0 0.8417187500000001 0.37512500000000004 0.068859375 0.09284375
0 0.8596718750000001 0.28946875 0.09085937499999999 0.10901562499999999
0 0.403640625 0.36153124999999997 0.088546875 0.089953125
5 0.54484375 0.374546875 0.120953125 0.077796875
5 0.49103125 0.344734375 0.0758125 0.08415625