1 0.0735 0.42926562500000004 0.146984375 0.20459375
1 0.413484375 0.404953125 0.10821875 0.183734375
1 0.98525 0.409859375 0.029515625 0.11370312499999999
2 0.730328125 0.3893125 0.134265625 0.19415625
0 0.8489531250000001 0.38092187499999997 0.107640625 0.125265625
0 0.21325 0.41478125 0.089703125 0.12701562500000002
0 0.34490625 0.41709375 0.085640625 0.1594375
0 0.557 0.3736875 0.089703125 0.12815625
0 0.9791718749999999 0.34503125 0.041671875000000004 0.08125
0 0.85503125 0.303359375 0.1163125 0.122921875
5 0.52140625 0.3635625 0.084484375 0.132203125
1 0.08390625 0.34878125 0.077546875 0.078359375
1 0.953125 0.27615625 0.09375 0.144890625