1 0.3088125 0.43143750000000003 0.055109374999999974 0.07635937500000001
1 0.065453125 0.4150625 0.055343750000000004 0.06964062500000004
1 0.6411875 0.5093125 0.06359375000000007 0.07325
1 0.9752656249999999 0.45959374999999997 0.04946875000000013 0.083203125
1 0.43440625 0.339109375 0.04587500000000002 0.058375000000000024
0 0.825 0.40326562499999996 0.05362499999999999 0.06690625000000003
0 0.165484375 0.30371875 0.028843750000000012 0.039687499999999966
0 0.587453125 0.29059375 0.026437499999999937 0.02645312500000001
0 0.653515625 0.28275 0.02315625000000008 0.03160937500000003
0 0.275390625 0.301703125 0.029921874999999966 0.02003124999999999
0 0.919796875 0.267015625 0.02446875000000013 0.020968750000000026
1 0.628015625 0.25134375000000003 0.02421875 0.03128124999999997