1 0.047984375 0.4636875 0.083375 0.10932812500000004
1 0.967984375 0.418 0.06403125000000003 0.08146874999999998
1 0.0898125 0.344796875 0.06567187500000002 0.06493750000000001
0 0.36931250000000004 0.43090624999999994 0.09409375000000005 0.07295312500000004
0 0.185078125 0.43745312500000005 0.08434374999999998 0.05515624999999993
0 0.29575 0.44176562500000005 0.07268749999999997 0.05746874999999996
0 0.5753125 0.38210937500000003 0.07071874999999998 0.057968750000000034
5 0.5015468750000001 0.358359375 0.10303125000000009 0.09556250000000004
5 0.672765625 0.362078125 0.08574999999999999 0.099515625
0 0.832453125 0.3848125 0.07246875000000008 0.08210937500000001
0 0.80696875 0.30890625 0.057265625000000056 0.04767187499999999
0 0.962640625 0.29353125 0.050562499999999844 0.051640625000000016
0 0.861953125 0.310171875 0.035296874999999873 0.039437500000000014