1 0.626171875 0.44556250000000003 0.07523437499999996 0.09812499999999998
1 0.196359375 0.46059374999999997 0.053874999999999985 0.08384374999999995
1 0.45209374999999996 0.362859375 0.04995312500000004 0.07406249999999996
1 0.9563593750000001 0.44740624999999995 0.08464062500000011 0.09970312500000005
0 0.8441562499999999 0.42321875000000003 0.04954687500000006 0.06648437499999997
1 0.367 0.307140625 0.041312499999999995 0.05915625000000002
0 0.138015625 0.278265625 0.02328125000000001 0.04057812499999995
0 0.025406250000000002 0.3110625 0.050796875 0.09342187500000003
0 0.28326562499999997 0.273671875 0.04046874999999996 0.06031250000000003
0 0.5822499999999999 0.291421875 0.021078125000000014 0.030062500000000013
0 0.656140625 0.27959375 0.02053124999999998 0.035296874999999964
0 0.461234375 0.28484375 0.02904687500000005 0.03267187500000004
0 0.9139531249999999 0.26453125 0.02301562500000003 0.033828124999999966
0 0.824359375 0.267171875 0.023375000000000055 0.02857812500000003
0 0.734703125 0.273703125 0.021218750000000064 0.026015624999999966
0 0.62146875 0.2631875 0.021531249999999957 0.028609375000000003
0 0.558078125 0.2553125 0.01945312500000007 0.02595312500000002