1 0.08796875 0.387578125 0.15509375000000003 0.14204687499999996
1 0.2899375 0.43735937500000005 0.1006875 0.15134375000000003
1 0.644671875 0.51115625 0.17823437500000008 0.14964062499999997
1 0.96440625 0.463703125 0.07118749999999992 0.228328125
1 0.467875 0.36529687499999997 0.0711875000000001 0.11484375
0 0.5850625 0.4168125 0.11457812500000006 0.1553750000000001
0 0.7893593749999999 0.396546875 0.12731250000000002 0.17735937499999999
0 0.17099999999999999 0.32042187499999997 0.08854687500000002 0.08414062500000004
0 0.350109375 0.33171875 0.13078125000000007 0.12407812499999996
0 0.282984375 0.274984375 0.06596875000000005 0.07312500000000002
0 0.5720468750000001 0.28771874999999997 0.06423437500000002 0.07776562499999998
0 0.641203125 0.29118750000000004 0.05323437500000008 0.07081249999999999
0 0.70515625 0.256171875 0.038765624999999915 0.05979687499999997
0 0.77140625 0.268625 0.03587500000000006 0.053437499999999985
0 0.902203125 0.257046875 0.054390624999999915 0.05806249999999995
0 0.541671875 0.248078125 0.048609375000000024 0.07137500000000001
0 0.026328125 0.3195625 0.04918750000000001 0.127546875
1 0.844328125 0.240265625 0.07060937500000009 0.09393750000000001
1 0.824078125 0.277296875 0.06481250000000002 0.09164062499999996
0 0.686921875 0.2709375 0.07523437499999996 0.09279687499999997