0 0.942921875 0.46373437500000003 0.09653125 0.1214375
0 0.5705312499999999 0.48778125 0.078578125 0.0818125
0 0.215234375 0.46690624999999997 0.082703125 0.0943125
0 0.325890625 0.41735937500000003 0.072984375 0.073546875
0 0.8074843749999999 0.431234375 0.077359375 0.06867187500000001
1 0.0614375 0.33259375 0.06015625 0.062281249999999996
0 0.165515625 0.29118750000000004 0.037953125 0.039734375
0 0.352125 0.2999375 0.041078125 0.0380625
0 0.46120312500000005 0.29803125 0.03896875 0.03803125
0 0.5819375 0.287296875 0.04353125 0.038203125
0 0.66075 0.278546875 0.03134375 0.036828125
0 0.6241875 0.2606875 0.026015624999999997 0.038203125
0 0.73496875 0.276578125 0.038125 0.029109375
0 0.8265781249999999 0.267125 0.031421875 0.032718750000000005
5 0.92621875 0.268765625 0.08009374999999999 0.07768749999999999