1 0.352625 0.5020156250000001 0.08493750000000003 0.09754687499999992
0 0.03682812500000008 0.555359375 0.07365625000000016 0.08795312499999994
1 0.69084375 0.427734375 0.07365624999999998 0.09364062499999992
1 0.542296875 0.329234375 0.05959374999999998 0.08571875000000002
1 0.9811406249999999 0.302734375 0.036156250000000154 0.05412499999999998
0 0.8602656249999999 0.285546875 0.03170312499999994 0.042750000000000024
0 0.6608750000000001 0.30670312499999997 0.05525000000000002 0.04954687499999997
0 0.7292343750000001 0.29821875000000003 0.037046875000000055 0.028125
0 0.41790625 0.29346875 0.03515625 0.03337500000000002
0 0.35514062500000004 0.28828125 0.030796875000000057 0.03728125000000002
0 0.47024999999999995 0.2515 0.024671874999999944 0.030921875000000033
0 0.20625 0.247984375 0.030140624999999942 0.02432812499999999
0 0.13046875 0.26171875 0.029234375000000055 0.02790625000000002
5 0.08365624999999995 0.26165625000000003 0.03782812500000006 0.03248437500000003
0 0.1942500000000001 0.413 0.070421875 0.07376562500000006