1 0.93828125 0.410875 0.0743281249999999 0.09275000000000003
1 0.685046875 0.419984375 0.08326562499999994 0.11540625000000002
1 0.359875 0.42142187499999995 0.08046875 0.09396874999999998
1 0.04040625000000002 0.46071875 0.0808125 0.1203125
1 0.54346875 0.339171875 0.06037499999999998 0.07990624999999998
0 0.9778437500000001 0.316796875 0.044312499999999845 0.03828125
0 0.9157968750000001 0.295984375 0.044312499999999845 0.04576562500000003
0 0.8389531250000001 0.2926875 0.0428593750000001 0.03068749999999998
0 0.72478125 0.282921875 0.03660937499999992 0.028125
0 0.66271875 0.308203125 0.0453125 0.05323437499999999
0 0.46920312500000005 0.2693125 0.03526562500000008 0.04129687500000001
0 0.41814062500000004 0.2875625 0.037609375000000035 0.03760937499999999
0 0.35675 0.28621875 0.03515625 0.03224999999999998
1 0.38654687499999996 0.251625 0.036046875000000034 0.03917187499999999
2 0.18303124999999998 0.23103125000000002 0.05357812500000001 0.07365624999999998
0 0.13756249999999995 0.254296875 0.03426562500000001 0.03448437499999999
5 0.08248437499999994 0.252234375 0.05579687500000001 0.06473437500000001