5 0.8203125 0.638953125 0.265625 0.3136093750000001
5 0.527515625 0.46696875000000004 0.1123906250000001 0.1375
0 0.6770156249999999 0.507359375 0.10423437500000006 0.11160937499999993
0 0.73621875 0.35965625 0.06417187500000007 0.07220312499999997
5 0.85490625 0.404015625 0.11607812499999995 0.15625
5 0.44564062499999996 0.27115625 0.06360937500000005 0.08404687500000003
0 0.613609375 0.365734375 0.07678124999999998 0.0484375
5 0.30803125 0.3599375 0.16071875000000002 0.09932812500000007
0 0.2693125 0.279078125 0.03817187500000001 0.05078125
0 0.10485937500000002 0.340734375 0.05926562500000001 0.0515625
0 0.021875 0.31953125 0.04375 0.0359375