0 0.21412499999999998 0.609578125 0.199078125 0.242296875
0 0.362265625 0.49148437500000003 0.148140625 0.17971874999999998
0 0.48842187499999995 0.440546875 0.11573437499999999 0.16117187500000002
0 0.24884374999999997 0.378609375 0.11573437499999999 0.14146875
0 0.381359375 0.34590624999999997 0.116890625 0.162875
0 0.023140625 0.329125 0.046296875 0.1918125
0 0.56046875 0.28425 0.068859375 0.084703125
0 0.6701406249999999 0.279046875 0.0625 0.13679687499999998
0 0.73553125 0.2645625 0.047453125 0.073109375
0 0.859953125 0.322453125 0.074078125 0.1125
0 0.92071875 0.196859375 0.098375 0.146015625
1 0.030093750000000002 0.42028125000000005 0.060187500000000005 0.190109375