0 0.21740624999999997 0.7600468750000001 0.21160937500000002 0.125
0 0.38678124999999997 0.5323125 0.09296875 0.10390625
0 0.501390625 0.47471874999999997 0.08739062499999992 0.07712500000000003
0 0.27209374999999997 0.403625 0.075 0.05703125
0 0.38689062500000004 0.37371875 0.06775000000000002 0.05032812499999997
0 0.5920156249999999 0.27478125000000003 0.04140625 0.04442187500000001
0 0.67265625 0.30993750000000003 0.05759375000000002 0.05290625000000002
0 0.742796875 0.284484375 0.038734374999999946 0.04307812499999999
0 0.823328125 0.32471875 0.0618281249999999 0.06373437500000004
0 0.8805781250000001 0.26696875000000003 0.046875 0.02567187500000001
0 0.97159375 0.298375 0.042749999999999844 0.04185937500000003