0 0.605609375 0.37426562500000005 0.10474999999999994 0.11542187500000005
1 0.9314218750000001 0.4755625 0.11284375000000005 0.17218750000000002
1 0.04453125 0.41484375 0.0890625 0.1984375
1 0.04224999999999994 0.29178125 0.075234375 0.11364062500000002
0 0.41609375000000004 0.38584375 0.08448437500000003 0.14553124999999997
0 0.9157968750000001 0.3571875 0.109375 0.105578125
0 0.125578125 0.288875 0.06828124999999999 0.10785937499999995
0 0.1875 0.369625 0.10417187500000002 0.08531250000000004
0 0.327546875 0.37165625 0.12268749999999998 0.14840625000000002
0 0.19039062500000004 0.314359375 0.06365625000000001 0.11018749999999997
1 0.687796875 0.401765625 0.11400000000000006 0.16695312500000004
5 0.803234375 0.43881249999999994 0.1157343749999999 0.15770312499999997