1 0.23090625 0.385265625 0.0868125 0.116578125
1 0.405953125 0.387578125 0.086234375 0.155953125
1 0.066265625 0.44923437499999996 0.122109375 0.199390625
0 0.10792187499999999 0.356890625 0.129046875 0.1293125
0 0.504625 0.33981249999999996 0.078703125 0.091671875
0 0.313078125 0.382953125 0.098375 0.13973437500000002
0 0.6875 0.338375 0.083328125 0.11309374999999999
5 0.575515625 0.37107812500000004 0.0850625 0.11253125
0 0.8668906249999999 0.32621875 0.09490625 0.102671875
0 0.802375 0.31290625 0.059609375 0.110765625
1 0.9704843750000001 0.28135937499999997 0.052078124999999996 0.09281249999999999