1 0.373828125 0.44556250000000003 0.07523437499999996 0.09812499999999998
1 0.8036406250000001 0.46059374999999997 0.05387500000000003 0.08384374999999995
1 0.54790625 0.362859375 0.04995312500000004 0.07406249999999996
1 0.04364062499999992 0.44740624999999995 0.084640625 0.09970312500000005
0 0.15584375 0.42321875000000003 0.04954687500000001 0.06648437499999997
1 0.633 0.307140625 0.041312500000000085 0.05915625000000002
0 0.8619843749999999 0.278265625 0.023281250000000142 0.04057812499999995
0 0.97459375 0.3110625 0.050796874999999984 0.09342187500000003
0 0.716734375 0.273671875 0.04046874999999996 0.06031250000000003
0 0.41775 0.291421875 0.021078125000000014 0.030062500000000013
0 0.34385937499999997 0.27959375 0.02053124999999998 0.035296874999999964
0 0.538765625 0.28484375 0.02904687500000005 0.03267187500000004
0 0.08604687500000008 0.26453125 0.023015625000000005 0.033828124999999966
0 0.17564062499999994 0.267171875 0.023375000000000014 0.02857812500000003
0 0.26529687500000004 0.273703125 0.021218749999999974 0.026015624999999966
0 0.37853125 0.2631875 0.021531249999999957 0.028609375000000003
0 0.44192187499999996 0.2553125 0.01945312500000007 0.02595312500000002