1 0.9435625 0.41296875 0.055546874999999926 0.07907812500000003
1 0.68925 0.41965624999999995 0.061562499999999964 0.08412500000000005
0 0.35876562500000003 0.43671875 0.07151562499999997 0.09739062500000006
1 0.03723437500000006 0.44209375 0.07446875000000013 0.10504687500000003
0 0.517765625 0.338625 0.05278124999999996 0.06723437500000004
0 0.6637500000000001 0.31175 0.03443750000000012 0.04468750000000003
0 0.9162812499999999 0.29921875 0.029312499999999984 0.04076562499999996
2 0.7285625 0.290125 0.08517187499999998 0.09582812499999997
0 0.41709375 0.29209375 0.027609374999999936 0.028718749999999994
0 0.343171875 0.286140625 0.03760937500000008 0.027468749999999976
5 0.07021875000000008 0.2665625 0.0912968750000001 0.09820312500000003
0 0.13840625000000006 0.253375 0.017281249999999915 0.027218750000000024
2 0.18245312499999997 0.23898437499999997 0.05504687500000003 0.06387499999999999
0 0.383109375 0.246140625 0.028031250000000084 0.04431250000000002
5 0.289546875 0.248125 0.019765624999999964 0.035093749999999965
0 0.465515625 0.25010937499999997 0.02192187499999996 0.028484375000000027
0 0.8430156249999999 0.27628125 0.035296874999999873 0.05771875
0 0.25025000000000003 0.26382812499999997 0.04373437500000001 0.04842187500000002
0 0.977890625 0.33204687499999996 0.04157812499999984 0.03301562499999999