1 0.056437499999999995 0.41296875 0.055546874999999996 0.079078125
1 0.31074999999999997 0.41965624999999995 0.0615625 0.084125
0 0.641234375 0.43671875 0.071515625 0.097390625
1 0.962765625 0.44209375 0.07446875 0.10504687500000001
0 0.482234375 0.338625 0.05278125 0.067234375
0 0.33625 0.31175 0.034437499999999996 0.044687500000000005
0 0.08371875 0.29921875 0.029312500000000002 0.040765625
2 0.2714375 0.290125 0.085171875 0.095828125
0 0.58290625 0.29209375 0.027609375000000002 0.028718749999999998
0 0.656828125 0.286140625 0.037609375 0.027468749999999997
5 0.9297812499999999 0.2665625 0.091296875 0.098203125
0 0.8615937499999999 0.253375 0.01728125 0.027218750000000003
2 0.817546875 0.23898437499999997 0.055046874999999995 0.063875
0 0.616890625 0.246140625 0.02803125 0.0443125
5 0.710453125 0.248125 0.019765625000000002 0.03509375
0 0.534484375 0.25010937499999997 0.021921875 0.028484375
0 0.156984375 0.27628125 0.035296875 0.05771875
0 0.7497499999999999 0.26382812499999997 0.043734375 0.048421874999999996
0 0.022109375 0.33204687499999996 0.041578125 0.033015625