1 0.65396875 0.485765625 0.06449999999999996 0.07823437500000008
1 0.304828125 0.435015625 0.05515625000000002 0.06478125000000005
1 0.0600625 0.4141875 0.04396875 0.06881249999999998
0 0.103171875 0.303140625 0.028703125000000006 0.032781250000000026
1 0.43574999999999997 0.336796875 0.04707812499999999 0.062890625
1 0.9777968749999999 0.45931249999999996 0.041265625000000125 0.09478124999999996
0 0.90978125 0.270375 0.026437500000000114 0.021390624999999996
0 0.6535 0.288234375 0.01796875 0.02496875000000003
0 0.5816874999999999 0.296296875 0.023203125000000036 0.02081249999999999
0 0.336078125 0.31334375 0.036093750000000036 0.03289062500000002
0 0.273578125 0.296296875 0.026124999999999954 0.01910937500000003
0 0.531109375 0.25634375 0.018453124999999914 0.022093749999999978