1 0.056140625 0.440546875 0.112265625 0.19590625
1 0.0749375 0.32940625 0.097796875 0.08471875
1 0.9641249999999999 0.29090625000000003 0.025468750000000002 0.059812500000000005
0 0.277203125 0.43070312499999996 0.179390625 0.14150000000000001
0 0.21296875 0.3736875 0.113421875 0.1073125
0 0.36140625000000004 0.36384375 0.11515625 0.094578125
0 0.584484375 0.363546875 0.0648125 0.104421875
0 0.75203125 0.34590624999999997 0.11168750000000001 0.11425
0 0.84259375 0.29525 0.08796875 0.07196875
0 0.9143593750000001 0.350234375 0.078703125 0.07778125
5 0.481765625 0.35834375 0.098953125 0.087046875
5 0.6695625 0.349078125 0.13078125000000002 0.10325