0 0.16796875 0.40390625 0.04375 0.0796875
0 0.06875 0.41796875 0.0421875 0.08125
1 0.753125 0.4234375 0.034375 0.08125
1 0.3109375 0.4390625 0.021875 0.040625
1 0.24296875 0.44296875 0.0234375 0.05625
1 0.471875 0.44375 0.0171875 0.0421875
0 0.78359375 0.44375 0.0203125 0.053125
1 0.55546875 0.44453125 0.0125 0.0296875
1 0.815625 0.4453125 0.03125 0.06875
1 0.63515625 0.4453125 0.03125 0.0765625
1 0.665625 0.4453125 0.0171875 0.0390625
0 0.41171875 0.45859375 0.0234375 0.059375
0 0.984375 0.459375 0.03125 0.0828125
1 0.915625 0.459375 0.0203125 0.0421875
0 0.36875 0.46484375 0.0171875 0.0671875
1 0.59609375 0.48046875 0.0234375 0.046875
0 0.27421875 0.48125 0.028125 0.0609375