1 0.608140625 0.44975 0.075421875 0.0739375
1 0.20973437499999997 0.47003125 0.06493750000000001 0.067609375
1 0.9561875000000001 0.46092187500000004 0.077234375 0.088453125
1 0.43679687500000003 0.369234375 0.0483125 0.06392187499999999
1 0.13525 0.2808125 0.02640625 0.040749999999999995
0 0.320359375 0.3345 0.038984375 0.046546875
0 0.843703125 0.43070312499999996 0.06003125 0.048875
0 0.916390625 0.271625 0.029218749999999998 0.0275625
0 0.8215312499999999 0.26834375 0.031453125 0.023609375
1 0.622015625 0.26246875 0.021640625 0.030078125
0 0.67303125 0.28340624999999997 0.02375 0.0303125
1 0.36425 0.26378124999999997 0.0189375 0.032718750000000005