1 0.665359375 0.42253125 0.08854687499999994 0.10285937500000006
1 0.060546875 0.4173125 0.076828125 0.08984375
1 0.31770312500000003 0.41340625 0.0859375 0.11067187500000006
0 0.47265625 0.34504687500000003 0.0625 0.078125
1 0.34700000000000003 0.3046875 0.05078125 0.0546875
1 0.038406249999999996 0.30989062500000003 0.04296875 0.0546875
0 0.16340625 0.28776562499999997 0.03515625 0.033859375000000025
2 0.27604687499999997 0.28385937499999997 0.09375 0.08332812499999998
1 0.5345 0.267578125 0.029953124999999935 0.040359374999999975
0 0.65625 0.27214062499999997 0.0390625 0.044265624999999975
0 0.587234375 0.28581249999999997 0.033859374999999935 0.03515625
0 0.91796875 0.25 0.03125 0.036453124999999975
0 0.8626250000000001 0.25715625000000003 0.02734375 0.040359374999999975
2 0.8137968750000001 0.23893749999999997 0.0625 0.07160937499999998