0 0.0671875 0.596875 0.1203125 0.23125
0 0.6375 0.50703125 0.15 0.1796875
0 0.6515625 0.7171875 0.2234375 0.2765625
5 0.390625 0.47265625 0.11875 0.1984375
0 0.30625 0.44140625 0.0640625 0.1171875
0 0.12109375 0.3921875 0.1203125 0.14375
0 0.47578125 0.2515625 0.06875 0.0890625
0 0.046875 0.34140625 0.090625 0.1234375
0 0.2890625 0.2453125 0.078125 0.0765625
0 0.37109375 0.29453125 0.0828125 0.0984375
0 0.5515625 0.30625 0.0828125 0.1421875
0 0.19453125 0.2515625 0.071875 0.0828125
0 0.140625 0.2671875 0.0765625 0.065625