1 0.6796875 0.4140625 0.09114062500000006 0.1171875
0 0.373703125 0.449875 0.08332812500000002 0.10807812499999998
0 0.103515625 0.515625 0.10285937499999998 0.11979687499999994
1 0.5345 0.32942187500000003 0.06901562499999994 0.0859375
1 0.884765625 0.29167187499999997 0.037765625000000115 0.0546875
0 0.7252656249999999 0.28254687500000003 0.036453125000000065 0.044265624999999975
2 0.064453125 0.275390625 0.08723437499999999 0.09245312500000002
0 0.16796875 0.26237499999999997 0.03125 0.032546874999999975
0 0.33203125 0.28190624999999997 0.036453124999999975 0.037765625000000025
0 0.412765625 0.28515625 0.03645312500000002 0.041671875000000025
0 0.369140625 0.255859375 0.02734375 0.037765625000000025