0 0.9583281250000001 0.490625 0.083328125 0.20925
0 0.847796875 0.408703125 0.1539375 0.17390624999999998
0 0.597796875 0.40523437500000004 0.112265625 0.118328125
0 0.785296875 0.24748437499999998 0.035875000000000004 0.0424375
0 0.9036406250000001 0.2544375 0.067703125 0.063265625
0 0.133109375 0.26978125 0.050921875000000005 0.07659375
0 0.58478125 0.278171875 0.068859375 0.062125
0 0.65421875 0.283671875 0.054984374999999995 0.06965625
0 0.8182812500000001 0.266296875 0.046296875 0.062703125
0 0.695609375 0.25993750000000004 0.057874999999999996 0.04996875
0 0.624125 0.261953125 0.036453124999999996 0.03665625
0 0.5399375 0.248359375 0.072921875 0.075421875
0 0.2633125 0.28078125 0.06828125 0.063859375
0 0.029796875 0.3375 0.0491875 0.12176562500000002
1 0.095484375 0.408703125 0.114578125 0.17390624999999998
1 0.30034375 0.4035 0.114578125 0.170421875
1 0.682875 0.461375 0.10879687499999999 0.175078125
1 0.96528125 0.45096875000000003 0.0694375 0.21675