1 0.398734375 0.37889062500000004 0.12384375 0.131625
1 0.08246875000000001 0.46224999999999994 0.126734375 0.180296875
0 0.21382812499999998 0.411890625 0.11864062500000001 0.11428125
1 0.078125 0.334609375 0.12153125000000001 0.115984375
0 0.8616875 0.38034375 0.077546875 0.103265625
0 0.5749375 0.354296875 0.09085937499999999 0.113671875
2 0.73525 0.35834375 0.13368750000000001 0.135671875
0 0.9548593750000001 0.30046875 0.0555625 0.14490625
0 0.2725625 0.352546875 0.09375 0.110203125
0 0.48148437499999996 0.32621875 0.074078125 0.088765625
0 0.798328125 0.32940625 0.051500000000000004 0.091671875
0 0.8483750000000001 0.311453125 0.09259375 0.104390625