1 0.31706249999999997 0.4173125 0.076828125 0.110671875
1 0.623703125 0.447921875 0.083328125 0.091140625
1 0.8762968750000001 0.48371875 0.096359375 0.110671875
1 0.458984375 0.32942187500000003 0.061203125000000004 0.072921875
1 0.018234375 0.310546875 0.033859375000000004 0.061203125000000004
1 0.1328125 0.28776562499999997 0.041671875000000004 0.044265624999999996
0 0.27604687499999997 0.28450000000000003 0.046875 0.045578125000000004
0 0.5891875 0.28840625000000003 0.029953125000000004 0.037765625000000004
0 0.665359375 0.28254687500000003 0.041671875000000004 0.036453124999999996
2 0.9381562499999999 0.27214062499999997 0.084640625 0.083328125
0 0.8307343749999999 0.25910937500000003 0.033859375000000004 0.033859375000000004
0 0.631515625 0.255859375 0.028640624999999996 0.037765625000000004