0 0.91015625 0.3828125 0.15625 0.2046875
0 0.43515625 0.2828125 0.103125 0.140625
0 0.78046875 0.17109375 0.0609375 0.1015625
0 0.24765625 0.22890625 0.0859375 0.1421875
0 0.17421875 0.1875 0.08125 0.1546875
0 0.540625 0.18359375 0.0734375 0.11875
0 0.63046875 0.125 0.0875 0.109375
0 0.40390625 0.121875 0.078125 0.1140625
0 0.73984375 0.11171875 0.05625 0.1109375
0 0.971875 0.61640625 0.05625 0.284375
1 0.70390625 0.18828125 0.0890625 0.15
1 0.88046875 0.22890625 0.059375 0.1140625
1 0.8390625 0.09140625 0.0625 0.1046875