1 0.929296875 0.405859375 0.07856249999999995 0.08937500000000002
1 0.7160781249999999 0.44020312500000003 0.08259375000000002 0.09485937500000001
1 0.34748437499999996 0.473984375 0.072375 0.10800000000000001
1 0.5882968749999999 0.338765625 0.055031250000000045 0.07726562499999998
0 0.66659375 0.31890625 0.05967187500000008 0.04851562500000002
0 0.154484375 0.428046875 0.07753125000000001 0.06954687499999998
0 0.8488125 0.2749375 0.04343749999999993 0.049703125
0 0.72946875 0.293828125 0.03674999999999997 0.03081250000000004
0 0.6199375 0.271734375 0.04120312500000001 0.04053125
0 0.4609375 0.250640625 0.02678124999999998 0.03271875
0 0.418 0.2904375 0.04120312500000001 0.03639062500000003
0 0.349296875 0.286625 0.026187499999999985 0.038203124999999984
0 0.250859375 0.276140625 0.03228125000000004 0.030140625000000032
0 0.11220312499999992 0.25003125000000004 0.025578125000000007 0.033218749999999984
0 0.20668749999999997 0.24940625 0.03495312500000001 0.019062499999999982
0 0.17659374999999997 0.27984375 0.028156250000000015 0.021890624999999986