1 0.68359375 0.415359375 0.078125 0.10676562500000002
1 0.3483125 0.486328125 0.08723437499999998 0.10026562499999994
0 0.16926562500000006 0.40234375 0.08332812499999998 0.07292187499999998
1 0.02734375 0.456375 0.0546875 0.10546875
1 0.537109375 0.337890625 0.06379687500000006 0.08984375
1 0.6595000000000001 0.29948437499999997 0.04296875 0.057296875000000025
1 0.9778593750000001 0.3125 0.0390625 0.0546875
0 0.8834687499999999 0.28125 0.037765625000000115 0.044265624999999975
0 0.728515625 0.29296875 0.032546875000000065 0.036453124999999975
0 0.416015625 0.28581249999999997 0.03776562499999998 0.040359374999999975
0 0.34375 0.28645312500000003 0.036453124999999975 0.0390625
0 0.140625 0.23112499999999997 0.028640624999999975 0.040359374999999975
5 0.06706249999999994 0.27409374999999997 0.09504687499999999 0.09245312500000002
0 0.4655 0.25065624999999997 0.02734375 0.037765625000000025