1 0.34085937499999996 0.433015625 0.116890625 0.14612499999999998
1 0.046875 0.472953125 0.0868125 0.16351562499999997
1 0.746234375 0.431859375 0.19849999999999995 0.14381249999999998
0 0.55671875 0.3855625 0.15046874999999993 0.18315625000000005
0 0.9375 0.29293749999999996 0.09721875000000005 0.17153125000000005
0 0.13773437499999996 0.408703125 0.085640625 0.13917187500000003
0 0.4288125 0.278171875 0.08681250000000004 0.08990625000000003
0 0.875 0.270359375 0.06943750000000008 0.04301562500000004
0 0.6614531250000001 0.32418749999999996 0.07292187499999994 0.10207812499999998
0 0.53703125 0.288875 0.03703125000000007 0.087015625
0 0.341140625 0.277296875 0.036453124999999975 0.06385937500000001
0 0.37210937499999996 0.25587499999999996 0.01967187499999996 0.04185937500000003
0 0.258109375 0.272390625 0.07407812499999995 0.08528124999999998
0 0.1796875 0.26746875000000003 0.09548437500000002 0.07890625
0 0.09345312499999991 0.258203125 0.052656249999999995 0.08121875000000003
0 0.71875 0.269484375 0.041671874999999935 0.05864062500000004
0 0.8064218750000001 0.27556250000000004 0.04340624999999996 0.08817187500000001
0 0.18114062499999992 0.22809374999999998 0.047453125000000006 0.055734375000000023
5 0.578125 0.290609375 0.052078125000000065 0.08354687500000005