4 0.15 0.490625 0.1234375 0.3609375
0 0.05625 0.43046875 0.046875 0.0921875
0 0.2421875 0.4453125 0.025 0.0578125
1 0.55625 0.446875 0.0171875 0.0375
0 0.78046875 0.446875 0.0234375 0.0609375
0 0.7265625 0.45 0.0359375 0.0828125
1 0.46484375 0.45078125 0.01875 0.046875
0 0.6421875 0.45390625 0.0359375 0.08125
1 0.91484375 0.45859375 0.0265625 0.0421875
1 0.39609375 0.459375 0.028125 0.0640625
0 0.97890625 0.4609375 0.0390625 0.0875
2 0.82109375 0.4953125 0.1 0.203125
5 0.34765625 0.46796875 0.028125 0.0796875
0 0.27421875 0.48046875 0.028125 0.0609375
2 0.64609375 0.7390625 0.0015625 0.0046875