1 0.62384375 0.45414062499999996 0.10879687499999999 0.143234375
1 0.9635468749999999 0.46051562500000004 0.072921875 0.19765625
1 0.326671875 0.43765625 0.129046875 0.16928125
1 0.453703125 0.32882812499999997 0.08796875 0.10440624999999999
1 0.060765625000000004 0.40726562499999996 0.12153125000000001 0.22309375
1 0.8229218749999999 0.22809374999999998 0.03471875 0.0626875
0 0.14409375 0.284828125 0.072921875 0.085859375
0 0.34375 0.303640625 0.09028125000000001 0.113078125
0 0.271984375 0.288296875 0.0648125 0.085859375
0 0.554390625 0.2654375 0.08796875 0.06443750000000001
0 0.5868125 0.27556250000000004 0.0694375 0.08121874999999999
0 0.6493125 0.27325 0.048609374999999996 0.062703125
0 0.691546875 0.250671875 0.070609375 0.073109375
0 0.9198437500000001 0.25009375 0.0445625 0.065
0 0.741890625 0.25790625 0.053234375 0.06328125
0 0.58940625 0.40146875 0.098953125 0.107328125
0 0.8385468749999999 0.38265625000000003 0.114578125 0.121796875