0 0.37506249999999997 0.41659375 0.06990624999999998 0.10079687499999998
1 0.6124375 0.437 0.06062499999999993 0.08889062499999997
2 0.087328125 0.50728125 0.17462500000000003 0.30098437499999997
1 0.9734375 0.4234375 0.053125 0.115625
2 0.83790625 0.45220312500000004 0.24609375 0.2585156249999999
0 0.662671875 0.287453125 0.02323437500000001 0.030109374999999973
0 0.597296875 0.276921875 0.03568750000000005 0.05379687500000001
0 0.47037500000000004 0.29203125 0.023906249999999928 0.034109374999999977
0 0.37684375000000003 0.2953125 0.026874999999999982 0.030171875000000004
1 0.07914062499999999 0.32740625 0.038453125 0.05807812500000002
0 0.173390625 0.290734375 0.028812499999999998 0.03143750000000001
0 0.304828125 0.269765625 0.018374999999999985 0.02862499999999999
5 0.937640625 0.28871875 0.09134375000000006 0.06178125000000003
0 0.83415625 0.270390625 0.0274531249999999 0.024765625000000034
0 0.73140625 0.27040625 0.03835937499999993 0.03526562499999999
0 0.5619531249999999 0.259296875 0.019578124999999957 0.023281249999999965