1 0.40992187500000005 0.465921875 0.07229687499999997 0.10443750000000004
1 0.93484375 0.408609375 0.07714062499999982 0.08825000000000002
1 0.6848281249999999 0.4265 0.07715625 0.09275000000000003
1 0.04217187500000001 0.459859375 0.08434374999999998 0.11417187500000008
1 0.17021875000000009 0.40462499999999996 0.07982812500000003 0.09431250000000002
1 0.56971875 0.36509375000000005 0.060484375000000055 0.08089062500000002
1 0.874796875 0.281546875 0.026890625000000057 0.048171874999999975
0 0.9745625 0.321515625 0.05085937499999993 0.037484375000000014
0 0.8345156250000001 0.281609375 0.03559374999999996 0.029531249999999964
0 0.718265625 0.27709375 0.038171874999999925 0.036140624999999996
0 0.656015625 0.30778125 0.05509374999999998 0.050640625000000036
0 0.507734375 0.278953125 0.040718749999999915 0.03674999999999997
0 0.342609375 0.286234375 0.03503125000000003 0.029406249999999988
0 0.41484375 0.285515625 0.03901562500000004 0.03890624999999996
0 0.46528125 0.24626562500000002 0.029953124999999935 0.030734375000000026
0 0.29264062500000004 0.251375 0.030281249999999992 0.03156249999999998
0 0.14385937500000007 0.25792187499999997 0.03565624999999999 0.03217187499999996
0 0.18267187499999996 0.24851562500000002 0.029906249999999978 0.02273437500000002
0 0.08181250000000002 0.257140625 0.0425625 0.035296874999999964
0 0.24803125 0.274625 0.035140625000000016 0.02809375000000003