4 0.7723906250000001 0.54425 0.29375 0.33071874999999995
1 0.54621875 0.32878124999999997 0.061203124999999935 0.08203125
1 0.376296875 0.439453125 0.0859375 0.10546875
4 0.139453125 0.6100156250000001 0.278390625 0.34764062500000004
1 0.373046875 0.25325000000000003 0.032546875000000065 0.040359374999999975
2 0.06379687500000006 0.27864062500000003 0.09114062499999989 0.09635937500000002
0 0.6647187499999999 0.32746875000000003 0.053390625000000115 0.05859375
1 0.822265625 0.26301562500000003 0.037765625000000115 0.041671875000000025
0 0.7330781249999999 0.279296875 0.028640624999999885 0.037765625000000025
0 0.412109375 0.28840625000000003 0.03515625 0.04296875
0 0.4420625 0.24479687499999997 0.024734375000000065 0.036453124999999975
0 0.169921875 0.26301562500000003 0.032546874999999885 0.03125