1 0.07625 0.41628125000000005 0.108671875 0.09084375
1 0.30271875000000004 0.424890625 0.07681249999999999 0.100875
1 0.6484687499999999 0.503125 0.103125 0.12346874999999999
1 0.967796875 0.458515625 0.064390625 0.12934375
0 0.851703125 0.424484375 0.0935 0.09028125000000001
0 0.5667500000000001 0.458890625 0.063796875 0.084984375
1 0.420796875 0.339546875 0.060281249999999995 0.08159374999999999
1 0.151484375 0.29948437499999997 0.046671875 0.05859375
0 0.022468750000000003 0.32053125 0.044953125 0.056921875
1 0.33965625 0.311359375 0.054265625 0.058671875
1 0.67353125 0.27190625 0.040749999999999995 0.0398125
1 0.5855625 0.279734375 0.042046875 0.042296875
5 0.26896875 0.277796875 0.056625 0.07815625000000001
0 0.5400625 0.25075 0.024265625 0.0343125
5 0.9076718749999999 0.260203125 0.040281250000000005 0.061750000000000006
5 0.738453125 0.27084375 0.04559375 0.064265625
0 0.7924218749999999 0.2419375 0.023828125 0.029890624999999997
5 0.82109375 0.271875 0.0453125 0.046875