2 0.0960625 0.4810625 0.192125 0.19360937499999994
0 0.401046875 0.4324375 0.12846875000000005 0.15885937499999997
0 0.30265624999999996 0.380046875 0.08448437499999999 0.09921875000000005
0 0.84375 0.38149999999999995 0.11110937499999993 0.14726562499999996
0 0.485828125 0.384390625 0.0862343749999999 0.11831250000000004
0 0.218171875 0.40696875 0.08217187500000003 0.09401562499999998
0 0.08246875000000001 0.37107812500000004 0.11284374999999999 0.10557812499999994
0 0.512734375 0.338078125 0.06712500000000006 0.08820312499999998
0 0.75115625 0.3641249999999999 0.06481250000000002 0.09862499999999996
0 0.866609375 0.28309375000000003 0.0561406250000001 0.06850000000000005
2 0.9739531250000001 0.32014062499999996 0.052078124999999885 0.128703125