0 0.606484375 0.444015625 0.11573437499999999 0.09867187499999999
0 0.63715625 0.294671875 0.05903125 0.09165625
0 0.568859375 0.27846875 0.054390625000000005 0.09396875
0 0.277203125 0.28771874999999997 0.054390625000000005 0.09859375000000001
0 0.541375 0.25589062500000004 0.058453124999999995 0.104375
0 0.6906875 0.26370312500000004 0.051500000000000004 0.06790625
0 0.903359375 0.257046875 0.0914375 0.07195312499999999
0 0.747109375 0.27932812500000004 0.05671875 0.09917187499999999
0 0.818 0.274703125 0.056140625 0.0690625
0 0.7899375 0.230421875 0.045140625000000004 0.0673125
0 0.026046875000000004 0.307703125 0.045140625000000004 0.135078125
1 0.297171875 0.418546875 0.160296875 0.1796875
1 0.111984375 0.43678125 0.123265625 0.226578125
1 0.636 0.4810625 0.11921875 0.13109375
1 0.832171875 0.37687499999999996 0.101859375 0.151890625
1 0.9583281250000001 0.46804687500000003 0.083328125 0.22659375
1 0.435765625 0.3635625 0.12846875 0.180828125
1 0.344625 0.3021875 0.060765625000000004 0.09281249999999999
1 0.15914062499999998 0.279046875 0.082171875 0.088171875