1 0.1359375 0.38984375 0.0515625 0.109375
1 0.065625 0.40625 0.0421875 0.084375
0 0.73984375 0.434375 0.040625 0.0984375
1 0.46953125 0.44375 0.0203125 0.0515625
1 0.55546875 0.44375 0.015625 0.0359375
1 0.8125 0.44453125 0.0375 0.0875
0 0.24453125 0.4453125 0.0234375 0.0546875
0 0.634375 0.44921875 0.034375 0.0921875
0 0.66484375 0.45078125 0.0171875 0.05625
0 0.396875 0.4515625 0.03125 0.078125
0 0.9796875 0.4546875 0.040625 0.08125
1 0.91328125 0.45703125 0.025 0.05625
0 0.33984375 0.46015625 0.034375 0.096875
1 0.59375 0.47578125 0.0234375 0.05625
0 0.2828125 0.4828125 0.0265625 0.0671875