1 0.9237500000000001 0.41628125000000005 0.10867187499999993 0.09084374999999997
1 0.69728125 0.424890625 0.07681249999999995 0.10087500000000005
1 0.35153125 0.503125 0.103125 0.12346874999999997
1 0.03220312500000002 0.458515625 0.064390625 0.12934374999999995
0 0.14829687499999994 0.424484375 0.0935 0.09028124999999995
0 0.43324999999999997 0.458890625 0.06379687500000006 0.08498437499999997
1 0.579203125 0.339546875 0.060281250000000064 0.08159375000000005
1 0.8485156249999999 0.29948437499999997 0.04667187499999983 0.05859375
0 0.97734375 0.31953125 0.0453125 0.0578125
1 0.66034375 0.311359375 0.054265625000000026 0.05867187500000002
1 0.32646875 0.27190625 0.040749999999999974 0.03981250000000003
1 0.4144375 0.279734375 0.042046875 0.04229687499999999
5 0.73103125 0.277796875 0.056625000000000016 0.07815624999999997
0 0.4599375 0.25075 0.024265624999999957 0.03431249999999997
5 0.09232812500000005 0.260203125 0.040281250000000005 0.06174999999999997
5 0.26154687499999996 0.27084375 0.04559375000000001 0.06426562499999999
0 0.20757812500000003 0.2419375 0.023828125 0.029890624999999994
5 0.17890625 0.271875 0.0453125 0.046875