2 0.404 0.547625 0.175203125 0.17803125000000009
0 0.503609375 0.919140625 0.14784375 0.16171875
0 0.757296875 0.555625 0.09662500000000004 0.10267187500000005
1 0.60340625 0.528875 0.07009375000000002 0.09995312500000005
0 0.8893125 0.458984375 0.06379687499999989 0.09296875
4 0.311046875 0.4738125 0.12990624999999997 0.12264062500000002
0 0.022593750000000003 0.419546875 0.041296875 0.053156249999999974
0 0.13978125 0.4560625 0.05689062499999999 0.05196874999999999
0 0.5323125 0.3949375 0.03729687500000001 0.05864062499999996
1 0.41925 0.396890625 0.04160937499999999 0.05473437499999996
1 0.177078125 0.40803124999999996 0.04165624999999999 0.05745312499999997