1 0.84765625 0.396875 0.059375 0.1453125
1 0.94375 0.41484375 0.05625 0.103125
0 0.33125 0.434375 0.0203125 0.0546875
0 0.2515625 0.4375 0.0453125 0.1046875
1 0.53046875 0.440625 0.0171875 0.05
1 0.44375 0.440625 0.0171875 0.0421875
0 0.75703125 0.4453125 0.025 0.0578125
0 0.3625 0.446875 0.0390625 0.09375
1 0.0890625 0.45625 0.0296875 0.0609375
2 0.17790625 0.49006249999999996 0.088171875 0.19084375
0 0.60390625 0.4640625 0.0359375 0.0859375
0 0.64296875 0.4671875 0.0296875 0.09375
1 0.39921875 0.46875 0.0234375 0.0640625
0 0.01796875 0.46640625 0.0359375 0.10625
0 0.725 0.48046875 0.0296875 0.0734375