0 0.30425 0.527640625 0.10795312499999996 0.09284374999999993
0 0.056781250000000005 0.66646875 0.10570312500000001 0.16685937499999995
0 0.127703125 0.39557812499999995 0.09912499999999999 0.12965625000000003
1 0.060281249999999995 0.32020312500000003 0.084078125 0.08828125
5 0.7091875 0.28221875 0.05645312499999999 0.07479687500000001
0 0.8892031250000001 0.31890625 0.06987500000000005 0.08826562500000001
5 0.561375 0.2934375 0.12593750000000004 0.11287500000000002
0 0.7615937500000001 0.222609375 0.0700156250000001 0.05453124999999996
0 0.98046875 0.28359375 0.0390625 0.0671875
0 0.434546875 0.47740625000000003 0.10343750000000007 0.13706250000000003
0 0.374359375 0.336625 0.10023437500000006 0.11070312500000004
0 0.513671875 0.405359375 0.08720312499999991 0.11273437499999997