0 0.11660937499999999 0.42665625 0.181140625 0.182015625
0 0.86284375 0.21478125 0.017359375 0.0013124999999999999
0 0.86053125 0.25993750000000004 0.0335625 0.10553125000000001
0 0.11776562500000001 0.314640625 0.07234375 0.10034375
0 0.19820312499999998 0.27875 0.066546875 0.0910625
0 0.5648125 0.28134375 0.067125 0.051125
0 0.682875 0.277015625 0.053234375 0.08759375
0 0.7624375 0.25993750000000004 0.042249999999999996 0.07079687500000001
0 0.940390625 0.2535625 0.054390625000000005 0.058062499999999996
0 0.9126093750000001 0.23909375000000002 0.047453125 0.0846875
0 0.62934375 0.257328125 0.060765625000000004 0.076015625
5 0.8188593750000001 0.24084374999999997 0.047453125 0.081203125
0 0.28009375 0.275578125 0.09490625 0.12290625
0 0.36834375 0.263984375 0.05265625 0.07195312499999999
0 0.47453124999999996 0.27325 0.074078125 0.0974375
4 0.421578125 0.346765625 0.117484375 0.168078125
2 0.6892343750000001 0.443734375 0.142359375 0.191859375
2 0.8674843750000001 0.440265625 0.207171875 0.275203125