1 0.9548593750000001 0.45559374999999996 0.06945312500000007 0.08245312499999997
1 0.9042187500000001 0.349953125 0.06770312499999989 0.048249999999999994
1 0.035890625000000044 0.28135937499999997 0.03240625000000001 0.046499999999999986
1 0.02109375 0.3859375 0.0421875 0.121875
0 0.170140625 0.393375 0.05787499999999994 0.06099999999999994
0 0.15421875000000007 0.314921875 0.08390625000000007 0.09050000000000002
0 0.7476875 0.38875000000000004 0.05556249999999992 0.049406250000000006
0 0.8185781249999999 0.448640625 0.08159375000000005 0.08707812500000003
0 0.587390625 0.39451562500000004 0.08217187500000005 0.12121875000000007
0 0.6443749999999999 0.402625 0.05034375000000004 0.06793750000000003
0 0.436921875 0.393953125 0.07523437499999996 0.050562500000000024
2 0.24970312499999991 0.38323437499999996 0.17071875000000009 0.178515625
5 0.49421875000000004 0.380359375 0.05325000000000006 0.04996875000000003