0 0.881421875 0.40303125 0.116984375 0.22790625000000003
0 0.43518749999999995 0.26671875 0.09690625 0.15578125
0 0.28078125 0.24246875 0.09015625000000001 0.14375
0 0.1839375 0.205109375 0.08920312500000001 0.121109375
0 0.026046875000000004 0.26603125 0.05209375000000001 0.141375
0 0.5731875 0.173640625 0.076015625 0.099828125
0 0.3998125 0.119984375 0.075625 0.10189062499999998
0 0.703328125 0.17765625000000002 0.060281249999999995 0.131296875
0 0.9205937499999999 0.22340624999999997 0.08334375000000001 0.11082812500000001
0 0.781234375 0.181546875 0.0754375 0.12085937499999999
0 0.8407031249999999 0.072828125 0.05115625 0.088296875
0 0.909390625 0.076078125 0.05053125000000001 0.079171875
0 0.621578125 0.13764062500000002 0.068640625 0.09553125