1 0.054984374999999995 0.47671875 0.10995312500000001 0.1258906249999999
1 0.339984375 0.415359375 0.13484375 0.12817187499999996
1 0.577828125 0.35053125 0.08275000000000006 0.10267187499999997
1 0.106484375 0.32071875 0.09490625000000001 0.10903124999999995
1 0.460640625 0.37281250000000005 0.08101562500000004 0.09515624999999997
1 0.95746875 0.389890625 0.08506250000000008 0.13973437500000002
1 0.97890625 0.25078125 0.0421875 0.1515625
1 0.677078125 0.325359375 0.09721875000000005 0.13912500000000003
4 0.21528125 0.45385937500000006 0.15278125000000004 0.15307812500000004
5 0.498546875 0.346765625 0.08390625000000007 0.1055625
0 0.7754687500000002 0.343296875 0.09259374999999999 0.1055625
0 0.8362343750000001 0.387578125 0.08912499999999994 0.14204687499999996
0 0.8373906249999999 0.29118750000000004 0.049765624999999855 0.06387499999999999