1 0.97734375 0.4484375 0.0453125 0.103125
1 0.6448750000000001 0.47821875 0.058375000000000024 0.078515625
1 0.305 0.431328125 0.048765624999999965 0.07095312499999995
1 0.066328125 0.411421875 0.04818750000000001 0.06809375000000006
1 0.44465625 0.330953125 0.046609375000000064 0.06370312499999997
0 0.133453125 0.28312499999999996 0.027640624999999995 0.033140624999999965
0 0.2744375 0.295484375 0.024593750000000015 0.026187499999999985
0 0.356671875 0.315859375 0.034250000000000023 0.04056249999999997
0 0.845125 0.431703125 0.055859375 0.0453125
1 0.8211718749999999 0.23534375000000002 0.020265625000000044 0.022031250000000037
1 0.9622187500000001 0.326515625 0.04551562500000017 0.05835937500000003
0 0.649671875 0.289296875 0.01857812499999998 0.029671875000000014
0 0.58646875 0.29812500000000003 0.02059374999999992 0.026218749999999957
0 0.6169687500000001 0.26187499999999997 0.021781250000000085 0.027609375000000026