1 0.308921875 0.41050000000000003 0.07715625 0.09201562499999998
1 0.054625 0.44221875 0.08560937500000002 0.11014062500000002
0 0.205078125 0.39359374999999996 0.09448437500000002 0.07537499999999997
5 0.571078125 0.37312500000000004 0.06707812499999992 0.0938125
5 0.6836875 0.37084374999999997 0.07979687500000007 0.11424999999999996
0 0.396234375 0.4010625 0.05178125000000002 0.06220312500000005
0 0.779671875 0.361078125 0.07023437500000007 0.05409375000000001
0 0.8501093750000001 0.30084374999999997 0.056390624999999875 0.04770312500000005
1 0.9219687499999999 0.332890625 0.06262499999999989 0.08209375000000003
0 0.9780625000000001 0.30946875 0.039203124999999873 0.04667187500000001
5 0.489640625 0.36118750000000005 0.07923437500000005 0.11370312500000002