1 0.314734375 0.42689062499999997 0.079359375 0.0869375
1 0.874875 0.48059375 0.094984375 0.103546875
0 0.6475625 0.494296875 0.093515625 0.078359375
1 0.452125 0.333578125 0.056046874999999996 0.07614062499999999
0 0.018859375 0.31678125 0.037703125 0.053953125000000005
0 0.0938125 0.305 0.03484375 0.0400625
1 0.341203125 0.301453125 0.05021875 0.053328125000000004
0 0.16734374999999999 0.29278125 0.039296874999999995 0.031015625
0 0.272 0.29240625 0.037078125 0.0391875
0 0.58921875 0.290671875 0.03509375 0.03471875
0 0.65959375 0.2821875 0.029015625 0.03609375
0 0.62871875 0.262953125 0.028515625 0.03659375
0 0.72415625 0.27584375 0.033859375000000004 0.033359375000000004
0 0.9157968750000001 0.2665 0.03275 0.0384375
0 0.8265781249999999 0.26692187500000003 0.03459375 0.040296874999999996