2 0.0960625 0.4810625 0.192125 0.193609375
0 0.401046875 0.4324375 0.12846875 0.158859375
0 0.30265624999999996 0.380046875 0.084484375 0.09921875
0 0.84375 0.3815 0.111109375 0.147265625
0 0.485828125 0.384390625 0.086234375 0.1183125
0 0.218171875 0.40696875 0.082171875 0.094015625
0 0.08246875000000001 0.37107812500000004 0.11284374999999999 0.105578125
0 0.512734375 0.338078125 0.067125 0.08820312500000001
0 0.75115625 0.364125 0.0648125 0.09862499999999999
0 0.866609375 0.28309375000000003 0.056140625 0.0685
2 0.9739531250000001 0.32014062499999996 0.052078124999999996 0.128703125