1 0.30121875 0.5334531250000001 0.23090625 0.267140625
1 0.03703125 0.434171875 0.074078125 0.134546875
1 0.027203125 0.284828125 0.054390625000000005 0.141421875
0 0.12703124999999998 0.38121875 0.09085937499999999 0.15709375
0 0.25115625 0.35139062499999996 0.09953125 0.10789062499999999
0 0.37615625 0.3479375 0.113421875 0.19818750000000002
0 0.42564062500000005 0.44459375 0.132515625 0.155390625
0 0.530671875 0.45298437500000005 0.13078125000000002 0.1965
4 0.553234375 0.3155 0.09953125 0.09165625
4 0.909140625 0.3580625 0.0960625 0.12467187500000002
5 0.711515625 0.2865625 0.093171875 0.11712499999999999
0 0.9704843750000001 0.31175 0.05903125 0.12234375
0 0.74334375 0.250390625 0.059609375 0.076