0 0.6249375 0.41659375 0.06990625000000002 0.10079687499999998
1 0.38756250000000003 0.437 0.06062499999999997 0.08889062499999997
2 0.912671875 0.50728125 0.17462499999999997 0.30098437499999997
1 0.02578125 0.4234375 0.0515625 0.115625
2 0.16209375 0.45220312500000004 0.24609375 0.2585156249999999
0 0.337328125 0.287453125 0.02323437500000001 0.030109374999999973
0 0.40270312500000005 0.276921875 0.035687500000000004 0.05379687500000001
0 0.529625 0.29203125 0.023906249999999928 0.034109374999999977
0 0.62315625 0.2953125 0.026875000000000072 0.030171875000000004
1 0.920859375 0.32740625 0.038453124999999845 0.05807812500000002
0 0.826609375 0.290734375 0.028812500000000085 0.03143750000000001
0 0.695171875 0.269765625 0.018374999999999985 0.02862499999999999
5 0.06235937499999995 0.28871875 0.09134375000000002 0.06178125000000003
0 0.16584374999999998 0.270390625 0.027453124999999988 0.024765625000000034
0 0.26859374999999996 0.27040625 0.038359375000000015 0.03526562499999999
0 0.43804687500000006 0.259296875 0.019578124999999957 0.023281249999999965