1 0.06171875 0.410875 0.074328125 0.09275
1 0.314953125 0.419984375 0.083265625 0.11540625
1 0.640125 0.42142187499999995 0.08046875 0.09396875
1 0.95959375 0.46071875 0.0808125 0.1203125
1 0.45653125 0.339171875 0.060375 0.07990625
0 0.02215625 0.316796875 0.0443125 0.03828125
0 0.084203125 0.295984375 0.0443125 0.045765625
0 0.16104687499999998 0.2926875 0.042859375 0.0306875
0 0.27521874999999996 0.282921875 0.036609375 0.028125
0 0.33728125000000003 0.308203125 0.0453125 0.053234375
0 0.530796875 0.2693125 0.035265625 0.041296875
0 0.581859375 0.2875625 0.037609375 0.037609375
0 0.64325 0.28621875 0.03515625 0.03225
1 0.613453125 0.251625 0.036046875 0.039171875
2 0.81696875 0.23103125000000002 0.053578125 0.07365625
0 0.8624375000000001 0.254296875 0.034265625 0.034484375
5 0.9175156250000001 0.252234375 0.055796875 0.064734375