0 0.30425 0.527640625 0.10795312500000001 0.09284375
0 0.056781250000000005 0.66646875 0.10570312500000001 0.166859375
0 0.127703125 0.395578125 0.09912499999999999 0.12965625
1 0.060281249999999995 0.32020312500000003 0.084078125 0.08828125
5 0.7091875 0.28221875 0.05645312500000001 0.074796875
0 0.8892031250000001 0.31890625 0.06987499999999999 0.088265625
5 0.561375 0.2934375 0.12593749999999998 0.11287499999999999
0 0.7615937500000001 0.222609375 0.070015625 0.054531249999999996
0 0.980484375 0.2848125 0.039046874999999995 0.06696875
0 0.434546875 0.47740625000000003 0.1034375 0.1370625
0 0.374359375 0.336625 0.10023437500000001 0.11070312499999999
0 0.513671875 0.405359375 0.087203125 0.11273437500000001