0 0.11660937499999999 0.42665625 0.181140625 0.18201562500000001
0 0.86284375 0.21478125 0.017359374999999844 0.0013124999999999608
0 0.86053125 0.25993750000000004 0.03356250000000003 0.10553125000000003
0 0.11776562500000001 0.314640625 0.07234375000000001 0.10034375000000004
0 0.19820312499999998 0.27875 0.06654687499999998 0.09106250000000005
0 0.5648125 0.28134375 0.06712500000000006 0.051125000000000045
0 0.682875 0.277015625 0.05323437500000008 0.08759375
0 0.7624375 0.25993750000000004 0.04224999999999994 0.07079687500000001
0 0.940390625 0.2535625 0.054390624999999915 0.05806250000000004
0 0.9126093750000001 0.23909375000000002 0.04745312499999983 0.08468749999999999
0 0.62934375 0.257328125 0.060765624999999976 0.07601562499999996
5 0.8188593750000001 0.24084374999999997 0.047453124999999916 0.08120312500000004
0 0.28009375 0.275578125 0.09490625000000001 0.12290624999999995
0 0.36834375 0.263984375 0.05265624999999998 0.07195312500000002
0 0.47453124999999996 0.27325 0.07407812499999995 0.09743750000000002
4 0.421578125 0.346765625 0.11748437499999995 0.16807812500000002
2 0.6892343750000001 0.443734375 0.142359375 0.191859375
2 0.8674843750000001 0.440265625 0.20717187499999995 0.275203125