1 0.718171875 0.483375 0.15393749999999998 0.18434375000000003
1 0.833625 0.600328125 0.20428125000000003 0.348796875
1 0.9640625 0.321875 0.071875 0.0875
1 0.9641249999999999 0.451546875 0.06481250000000002 0.19012500000000004
1 0.47078125000000004 0.3635625 0.08275000000000006 0.13915625000000004
0 0.7135468749999999 0.34271875 0.07985937500000002 0.12525000000000003
0 0.6223906250000001 0.345046875 0.1336874999999999 0.19239062499999995
0 0.529796875 0.44632812499999996 0.11053125000000001 0.12414062500000003
0 0.4563125 0.280203125 0.05614062499999992 0.08354687499999995
0 0.27893749999999995 0.27209374999999997 0.06712499999999996 0.07428125000000003
0 0.12384374999999999 0.33199999999999996 0.12731250000000002 0.09340625000000005
0 0.11429687499999996 0.270640625 0.08739062500000001 0.09568750000000001
5 0.31626562500000005 0.3525625 0.155671875 0.15187500000000004
2 0.015625 0.34128125 0.03125 0.21612499999999998
0 0.8570625 0.413625 0.09837500000000006 0.15943749999999998