1 0.07625 0.41628125000000005 0.10867187499999997 0.09084374999999997
1 0.30271875000000004 0.424890625 0.07681249999999995 0.10087500000000005
1 0.6484687499999999 0.503125 0.103125 0.12346874999999997
1 0.967796875 0.458515625 0.06439062500000006 0.12934374999999995
0 0.851703125 0.424484375 0.09349999999999987 0.09028124999999995
0 0.5667500000000001 0.458890625 0.06379687500000006 0.08498437499999997
1 0.420796875 0.339546875 0.06028125000000002 0.08159375000000005
1 0.151484375 0.29948437499999997 0.04667187500000001 0.05859375
0 0.021875 0.31953125 0.04375 0.0578125
1 0.33965625 0.311359375 0.054265625000000026 0.05867187500000002
1 0.67353125 0.27190625 0.040750000000000064 0.03981250000000003
1 0.5855625 0.279734375 0.04204687499999995 0.04229687499999999
5 0.26896875 0.277796875 0.056625000000000016 0.07815624999999997
0 0.5400625 0.25075 0.024265624999999957 0.03431249999999997
5 0.9076718749999999 0.260203125 0.040281249999999956 0.06174999999999997
5 0.738453125 0.27084375 0.04559374999999992 0.06426562499999999
0 0.7924218749999999 0.2419375 0.023828125 0.029890624999999994
5 0.82109375 0.271875 0.0453125 0.046875