0 0.05234375 0.22109375 0.021875 0.0421875
1 0.19609375 0.2265625 0.01875 0.034375
1 0.3328125 0.23125 0.015625 0.0375
1 0.45546875 0.23203125 0.0125 0.0359375
1 0.2828125 0.240625 0.025 0.0421875
0 0.571875 0.25 0.01875 0.0390625
1 0.49140625 0.253125 0.021875 0.0453125
1 0.9140625 0.2546875 0.0203125 0.04375
1 0.68359375 0.271875 0.021875 0.0453125
0 0.82890625 0.28125 0.0171875 0.0421875
1 0.19140625 0.28203125 0.0265625 0.0515625
0 0.44921875 0.2828125 0.0125 0.0484375
0 0.14375 0.28359375 0.025 0.0421875
1 0.609375 0.28515625 0.0265625 0.053125
0 0.28359375 0.29453125 0.0203125 0.0453125
0 0.3625 0.29765625 0.0234375 0.0515625
1 0.5359375 0.29921875 0.025 0.0546875
0 0.859375 0.30859375 0.015625 0.0515625
0 0.75078125 0.30859375 0.01875 0.0453125
0 0.73359375 0.32265625 0.0234375 0.046875
0 0.225 0.33046875 0.0296875 0.0609375
1 0.42890625 0.33984375 0.0296875 0.0578125
1 0.8203125 0.34765625 0.0296875 0.0640625
0 0.64609375 0.35390625 0.025 0.0625
1 0.12890625 0.37890625 0.0515625 0.1140625
0 0.51640625 0.3796875 0.028125 0.0609375
0 0.246875 0.3828125 0.0375 0.075
0 0.94921875 0.38515625 0.03125 0.065625
0 0.76171875 0.3875 0.025 0.0546875
1 0.45 0.415625 0.0390625 0.1
1 0.378125 0.4859375 0.05 0.1234375
0 0.76484375 0.5546875 0.053125 0.1171875
0 0.134375 0.21484375 0.025 0.04375