0 0.94765625 0.22109375 0.021875 0.0421875
1 0.80390625 0.2265625 0.01875 0.034375
1 0.6671875 0.23125 0.015625 0.0375
1 0.54453125 0.23203125 0.0125 0.0359375
1 0.7171875 0.240625 0.025 0.0421875
0 0.428125 0.25 0.01875 0.0390625
1 0.50859375 0.253125 0.021875 0.0453125
1 0.0859375 0.2546875 0.0203125 0.04375
1 0.31640625 0.271875 0.021875 0.0453125
0 0.17109375 0.28125 0.0171875 0.0421875
1 0.80859375 0.28203125 0.0265625 0.0515625
0 0.55078125 0.2828125 0.0125 0.0484375
0 0.85625 0.28359375 0.025 0.0421875
1 0.390625 0.28515625 0.0265625 0.053125
0 0.71640625 0.29453125 0.0203125 0.0453125
0 0.6375 0.29765625 0.0234375 0.0515625
1 0.4640625 0.29921875 0.025 0.0546875
0 0.140625 0.30859375 0.015625 0.0515625
0 0.24921875 0.30859375 0.01875 0.0453125
0 0.26640625 0.32265625 0.0234375 0.046875
0 0.775 0.33046875 0.0296875 0.0609375
1 0.57109375 0.33984375 0.0296875 0.0578125
1 0.1796875 0.34765625 0.0296875 0.0640625
0 0.35390625 0.35390625 0.025 0.0625
1 0.87109375 0.37890625 0.0515625 0.1140625
0 0.48359375 0.3796875 0.028125 0.0609375
0 0.753125 0.3828125 0.0375 0.075
0 0.05078125 0.38515625 0.03125 0.065625
0 0.23828125 0.3875 0.025 0.0546875
1 0.55 0.415625 0.0390625 0.1
1 0.621875 0.4859375 0.05 0.1234375
0 0.865625 0.21484375 0.025 0.04375
4 0.212890625 0.606765625 0.27473437500000003 0.34635937499999997