1 0.07109375 0.3421875 0.034375 0.0828125
0 0.73828125 0.34375 0.0375 0.078125
1 0.31953125 0.3765625 0.0359375 0.0890625
0 0.8375 0.4046875 0.0359375 0.078125
1 0.6484375 0.4078125 0.04375 0.090625
1 0.26640625 0.41484375 0.03125 0.0921875
1 0.51796875 0.42421875 0.0359375 0.08125
1 0.4734375 0.44375 0.0390625 0.090625
1 0.58671875 0.46328125 0.0390625 0.0734375
1 0.1625 0.4796875 0.046875 0.115625
1 0.37734375 0.525 0.05 0.109375
1 0.90625 0.53515625 0.0625 0.146875
1 0.0203125 0.509375 0.0359375 0.140625
1 0.4015625 0.46875 0.071875 0.109375
1 0.60234375 0.3484375 0.0328125 0.084375