1 0.15390625 0.18359375 0.0359375 0.06875
1 0.41875 0.1875 0.034375 0.0796875
1 0.590625 0.2015625 0.0375 0.075
1 0.62890625 0.27421875 0.0359375 0.0828125
1 0.1859375 0.29609375 0.040625 0.096875
1 0.71328125 0.30390625 0.0375 0.0765625
0 0.30546875 0.30546875 0.046875 0.0890625
0 0.80625 0.30546875 0.0359375 0.071875
1 0.396875 0.315625 0.040625 0.075
1 0.88203125 0.41015625 0.0390625 0.08125
1 0.77265625 0.43125 0.0328125 0.084375
1 0.453125 0.4359375 0.04375 0.0921875
1 0.60703125 0.4609375 0.0375 0.0859375
1 0.3046875 0.4734375 0.0484375 0.10625
0 0.19921875 0.5109375 0.0375 0.065625
0 0.88984375 0.596875 0.0421875 0.0828125
0 0.76171875 0.63046875 0.0578125 0.0875
0 0.35625 0.7078125 0.0578125 0.115625
1 0.06640625 0.0796875 0.0296875 0.0671875
1 0.159375 0.08671875 0.03125 0.059375
0 0.3296875 0.0875 0.0421875 0.065625
0 0.2390625 0.09140625 0.0359375 0.0578125
1 0.48671875 0.10703125 0.034375 0.06875