1 0.84609375 0.18359375 0.0359375 0.06875
1 0.58125 0.1875 0.034375 0.0796875
1 0.409375 0.2015625 0.0375 0.075
1 0.37109375 0.27421875 0.0359375 0.0828125
1 0.8140625 0.29609375 0.040625 0.096875
1 0.28671875 0.30390625 0.0375 0.0765625
0 0.69453125 0.30546875 0.046875 0.0890625
0 0.19375 0.30546875 0.0359375 0.071875
1 0.603125 0.315625 0.040625 0.075
1 0.11796875 0.41015625 0.0390625 0.08125
1 0.22734375 0.43125 0.0328125 0.084375
1 0.546875 0.4359375 0.04375 0.0921875
1 0.39296875 0.4609375 0.0375 0.0859375
1 0.6953125 0.4734375 0.0484375 0.10625
0 0.80078125 0.5109375 0.0375 0.065625
0 0.11015625 0.596875 0.0421875 0.0828125
0 0.23828125 0.63046875 0.0578125 0.0875
0 0.64375 0.7078125 0.0578125 0.115625
1 0.93359375 0.0796875 0.0296875 0.0671875
1 0.840625 0.08671875 0.03125 0.059375
0 0.6703125 0.0875 0.0421875 0.065625
0 0.7609375 0.09140625 0.0359375 0.0578125
1 0.51328125 0.10703125 0.034375 0.06875