1 0.0875 0.3734375 0.0203125 0.0328125
1 0.25078125 0.37421875 0.0140625 0.03125
1 0.2890625 0.37734375 0.015625 0.0359375
1 0.1234375 0.3796875 0.0203125 0.03125
1 0.35546875 0.38671875 0.0109375 0.03125
0 0.16328125 0.403125 0.0171875 0.0375
1 0.68984375 0.41640625 0.0234375 0.0453125
0 0.90703125 0.428125 0.0203125 0.0359375
1 0.75703125 0.4375 0.0234375 0.0484375
0 0.52890625 0.4546875 0.0203125 0.0453125
1 0.934375 0.471875 0.034375 0.0671875
4 0.59609375 0.5109375 0.028125 0.0546875
0 0.709375 0.521875 0.028125 0.0578125
1 0.5109375 0.54140625 0.0359375 0.0734375
0 0.86875 0.6171875 0.040625 0.0734375
1 0.64296875 0.64609375 0.0375 0.09375
1 0.0546875 0.631140625 0.100453125 0.13728125