1 0.76953125 0.43671875 0.015625 0.021875
0 0.66953125 0.4375 0.0125 0.0203125
0 0.7125 0.43828125 0.0125 0.021875
0 0.8203125 0.4390625 0.015625 0.021875
1 0.68984375 0.45234375 0.015625 0.0265625
0 0.43359375 0.45703125 0.0140625 0.0234375
1 0.5125 0.4609375 0.0125 0.028125
1 0.79375 0.4609375 0.0171875 0.0296875
0 0.4609375 0.4625 0.0125 0.021875
1 0.84765625 0.46640625 0.01875 0.028125
0 0.34375 0.4890625 0.0140625 0.0171875
0 0.421875 0.4921875 0.0171875 0.0234375
0 0.29140625 0.49921875 0.0125 0.025
1 0.6859375 0.5 0.015625 0.0375
1 0.6171875 0.5046875 0.0140625 0.03125
1 0.7609375 0.50546875 0.0171875 0.034375
1 0.303125 0.52109375 0.015625 0.028125
0 0.32578125 0.53984375 0.0171875 0.0328125
0 0.39375 0.54140625 0.015625 0.0328125
1 0.68359375 0.5578125 0.0203125 0.04375
1 0.5421875 0.5734375 0.0203125 0.034375
1 0.8390625 0.6125 0.028125 0.05