0 0.7015625 0.509375 0.0203125 0.0328125
4 0.38046875 0.553125 0.0203125 0.0328125
0 0.5640625 0.58359375 0.021875 0.0265625
0 0.6921875 0.5921875 0.025 0.04375
4 0.84140625 0.6125 0.0328125 0.05
1 0.70775 0.4636875 0.026625 0.040796874999999996
0 0.839984375 0.4715 0.0445625 0.046
0 0.67303125 0.4306875 0.0335625 0.030359375
0 0.782125 0.4636875 0.032984374999999996 0.02690625
1 0.273140625 0.539515625 0.039359375 0.02578125
0 0.31046874999999996 0.53228125 0.034140625 0.0495
0 0.466140625 0.4729375 0.026046875000000004 0.02459375
0 0.432296875 0.49465624999999996 0.0243125 0.0298125
0 0.625 0.505359375 0.03471875 0.04775