0 0.7015625 0.371875 0.015625 0.03125
0 0.9265625 0.3734375 0.021875 0.025
0 0.728125 0.37421875 0.0125 0.03125
0 0.63828125 0.38203125 0.015625 0.03125
4 0.86640625 0.384375 0.0171875 0.0390625
1 0.82421875 0.4 0.0171875 0.0375
0 0.09375 0.4234375 0.01875 0.034375
4 0.3046875 0.42734375 0.01875 0.0453125
0 0.46953125 0.453125 0.028125 0.0578125
0 0.2421875 0.4640625 0.025 0.0453125
0 0.10703125 0.471875 0.0265625 0.0515625
0 0.41328125 0.49765625 0.0265625 0.0515625
0 0.28515625 0.528125 0.0296875 0.0546875
4 0.4859375 0.5453125 0.04375 0.075
4 0.14609375 0.56875 0.034375 0.06875
0 0.8984375 0.64921875 0.053125 0.075
1 0.3421875 0.65390625 0.0484375 0.096875
1 0.771875 0.771875 0.0625 0.0640625
4 0.506703125 0.62165625 0.125 0.26115625