1 0.26875 0.3734375 0.0109375 0.03125
1 0.28984375 0.375 0.015625 0.03125
1 0.13046875 0.38125 0.021875 0.0390625
1 0.3578125 0.38359375 0.015625 0.0328125
0 0.165625 0.39453125 0.028125 0.0484375
1 0.69921875 0.4125 0.021875 0.0390625
1 0.90703125 0.4234375 0.0234375 0.040625
1 0.7484375 0.43046875 0.0234375 0.0484375
1 0.5234375 0.44609375 0.0234375 0.0515625
1 0.94609375 0.47421875 0.028125 0.05625
0 0.58984375 0.4953125 0.0265625 0.05
1 0.69296875 0.5125 0.028125 0.0609375
0 0.471875 0.5640625 0.0515625 0.0890625
1 0.853125 0.5734375 0.0390625 0.0765625
1 0.11640625 0.61328125 0.0421875 0.09375
1 0.65546875 0.6859375 0.0421875 0.096875
1 0.21528125 0.728796875 0.076390625 0.14046875
1 0.307875 0.3351875 0.025468750000000002 0.03378125
1 0.49507812500000004 0.33546875 0.021406249999999998 0.058671875
1 0.451390625 0.329390625 0.020828125 0.03609375
1 0.429390625 0.322453125 0.025468750000000002 0.043046875
1 0.344625 0.33228125 0.01909375 0.028000000000000004
1 0.391203125 0.31579687500000003 0.018515625 0.033203125