4 0.68125 0.328125 0.015625 0.03125
1 0.92734375 0.37109375 0.0203125 0.028125
0 0.7359375 0.3734375 0.0140625 0.03125
0 0.70625 0.37578125 0.021875 0.0359375
1 0.86875 0.37734375 0.0203125 0.0390625
0 0.8390625 0.4 0.021875 0.0390625
1 0.30234375 0.4140625 0.0203125 0.04375
0 0.090625 0.42265625 0.0234375 0.046875
1 0.47421875 0.44765625 0.028125 0.0515625
0 0.24140625 0.45859375 0.0234375 0.0453125
1 0.04921875 0.47578125 0.040625 0.0609375
0 0.41328125 0.4953125 0.0265625 0.0484375
0 0.28828125 0.521875 0.03125 0.0515625
0 0.53515625 0.5703125 0.0421875 0.078125
1 0.1421875 0.575 0.0421875 0.08125
0 0.87421875 0.62265625 0.05 0.0875
1 0.34453125 0.6515625 0.046875 0.1046875
0 0.79453125 0.74453125 0.0453125 0.09375