0 0.32734375 0.43515625 0.0109375 0.0171875
0 0.4609375 0.446875 0.0078125 0.01875
0 0.29921875 0.45859375 0.0109375 0.025
0 0.22421875 0.4625 0.0140625 0.025
0 0.14921875 0.4671875 0.0171875 0.025
0 0.4890625 0.46875 0.0125 0.0203125
0 0.53046875 0.4734375 0.0109375 0.0234375
0 0.690625 0.48984375 0.0125 0.01875
0 0.65234375 0.4921875 0.0125 0.0203125
0 0.70234375 0.53515625 0.0140625 0.0234375
0 0.7296875 0.5359375 0.0125 0.0234375
0 0.6125 0.565625 0.015625 0.0265625
0 0.425 0.5796875 0.01875 0.034375
0 0.31171875 0.5828125 0.0265625 0.046875
0 0.175 0.5953125 0.0265625 0.05625