0 0.41796875 0.33046875 0.0109375 0.0203125
0 0.45546875 0.33515625 0.0125 0.0265625
0 0.31796875 0.3359375 0.009375 0.021875
0 0.50234375 0.34296875 0.0125 0.0234375
0 0.36015625 0.346875 0.0140625 0.028125
0 0.07265625 0.37265625 0.01875 0.028125
0 0.26875 0.3734375 0.0125 0.03125
0 0.284375 0.37734375 0.015625 0.025
0 0.3640625 0.38828125 0.015625 0.028125
0 0.128125 0.3890625 0.0171875 0.0265625
0 0.1640625 0.41015625 0.01875 0.0328125
1 0.74765625 0.43671875 0.0234375 0.046875
0 0.690625 0.4390625 0.0234375 0.034375
1 0.9125 0.44609375 0.03125 0.0546875
0 0.5265625 0.45078125 0.0234375 0.0453125
1 0.59140625 0.484375 0.025 0.0484375
0 0.5109375 0.540625 0.0328125 0.075
0 0.70234375 0.55390625 0.03125 0.04375
1 0.87109375 0.5625 0.0359375 0.06875
0 0.640625 0.65546875 0.0390625 0.0953125