0 0.68203125 0.33515625 0.0140625 0.021875
1 0.73203125 0.3671875 0.0140625 0.0296875
1 0.71015625 0.375 0.0140625 0.0296875
1 0.64609375 0.39140625 0.0140625 0.025
0 0.8359375 0.403125 0.0171875 0.0390625
1 0.2984375 0.41171875 0.01875 0.040625
0 0.09765625 0.42890625 0.01875 0.0328125
0 0.46640625 0.4546875 0.0234375 0.0453125
0 0.2359375 0.45703125 0.0203125 0.040625
0 0.0796875 0.46640625 0.0265625 0.05
0 0.41171875 0.49140625 0.025 0.0453125
0 0.2921875 0.52109375 0.0265625 0.05625
1 0.13515625 0.55625 0.03125 0.0703125
1 0.53125 0.6015625 0.03125 0.0828125
0 0.88515625 0.62578125 0.0359375 0.08125
1 0.4078125 0.68828125 0.040625 0.1015625