0 0.2984375 0.371875 0.015625 0.03125
0 0.0734375 0.3734375 0.021875 0.025
0 0.271875 0.37421875 0.0125 0.03125
0 0.36171875 0.38203125 0.015625 0.03125
4 0.13359375 0.384375 0.0171875 0.0390625
1 0.17578125 0.4 0.0171875 0.0375
0 0.90625 0.4234375 0.01875 0.034375
4 0.6953125 0.42734375 0.01875 0.0453125
0 0.53046875 0.453125 0.028125 0.0578125
0 0.7578125 0.4640625 0.025 0.0453125
0 0.89296875 0.471875 0.0265625 0.0515625
0 0.58671875 0.49765625 0.0265625 0.0515625
0 0.71484375 0.528125 0.0296875 0.0546875
4 0.5140625 0.5453125 0.04375 0.075
4 0.85390625 0.56875 0.034375 0.06875
0 0.1015625 0.64921875 0.053125 0.075
1 0.6578125 0.65390625 0.0484375 0.096875
1 0.228125 0.771875 0.0625 0.0640625