1 0.77109375 0.43203125 0.01875 0.0265625
0 0.71015625 0.4328125 0.0171875 0.025
0 0.67265625 0.43359375 0.015625 0.0265625
1 0.8234375 0.4359375 0.0171875 0.0234375
0 0.6921875 0.45078125 0.0171875 0.0296875
0 0.4328125 0.45625 0.0171875 0.028125
1 0.51328125 0.45703125 0.0171875 0.0265625
1 0.84765625 0.4625 0.01875 0.03125
1 0.79375 0.4625 0.021875 0.0296875
1 0.47109375 0.46328125 0.015625 0.03125
0 0.34375 0.48515625 0.015625 0.0265625
1 0.39453125 0.48515625 0.01875 0.0234375
0 0.31015625 0.4859375 0.0140625 0.021875
0 0.428125 0.48671875 0.01875 0.03125
1 0.68828125 0.496875 0.0171875 0.040625
1 0.61796875 0.4984375 0.015625 0.0359375
1 0.7671875 0.503125 0.0203125 0.034375
1 0.3 0.5203125 0.0203125 0.0359375
1 0.253125 0.5265625 0.01875 0.0296875
5 0.3296875 0.5375 0.021875 0.0390625
0 0.3953125 0.5390625 0.0203125 0.0421875
1 0.68203125 0.56015625 0.0296875 0.0625
1 0.5453125 0.56953125 0.03125 0.034375
1 0.8421875 0.61171875 0.0328125 0.05