1 0.3 0.371875 0.015625 0.034375
0 0.2625 0.3734375 0.0109375 0.0296875
0 0.07578125 0.38671875 0.0265625 0.0484375
0 0.13046875 0.39375 0.0171875 0.03125
0 0.35859375 0.39765625 0.015625 0.028125
0 0.17109375 0.40390625 0.021875 0.0375
1 0.6921875 0.41484375 0.0234375 0.0515625
0 0.91015625 0.43203125 0.0234375 0.0359375
0 0.7484375 0.45625 0.0234375 0.0453125
0 0.52265625 0.46015625 0.028125 0.0453125
1 0.9359375 0.47890625 0.028125 0.0578125
0 0.5984375 0.4875 0.025 0.0484375
0 0.715625 0.5203125 0.0296875 0.05625
5 0.4890625 0.55625 0.0390625 0.08125
1 0.86640625 0.55625 0.0375 0.075
1 0.65546875 0.68359375 0.0390625 0.0921875