0 0.31796875 0.334375 0.0125 0.0203125
0 0.265625 0.37265625 0.0109375 0.028125
1 0.2953125 0.3734375 0.0140625 0.0296875
0 0.1296875 0.38515625 0.015625 0.034375
0 0.07578125 0.39140625 0.0171875 0.025
1 0.3578125 0.39296875 0.0125 0.025
0 0.16953125 0.40625 0.0171875 0.034375
1 0.68828125 0.40859375 0.021875 0.0390625
1 0.7453125 0.43984375 0.01875 0.05
1 0.915625 0.45234375 0.028125 0.0515625
5 0.52265625 0.45625 0.0234375 0.04375
1 0.5890625 0.48203125 0.021875 0.046875
0 0.5171875 0.534375 0.03125 0.078125
0 0.6984375 0.55625 0.03125 0.040625
1 0.86875 0.56640625 0.0328125 0.0640625
0 0.6 0.67421875 0.0484375 0.0828125