0 0.09296875 0.37578125 0.01875 0.0390625
1 0.29375 0.37578125 0.015625 0.03125
0 0.13046875 0.38359375 0.0203125 0.0390625
0 0.14765625 0.4078125 0.0296875 0.0484375
0 0.90703125 0.4203125 0.0265625 0.0453125
5 0.6953125 0.4265625 0.025 0.0484375
0 0.76953125 0.44296875 0.025 0.046875
0 0.528125 0.4484375 0.0265625 0.05625
0 0.90546875 0.48359375 0.0296875 0.0640625
0 0.5890625 0.49609375 0.025 0.0484375
0 0.71640625 0.53359375 0.034375 0.0578125
1 0.8578125 0.5671875 0.0390625 0.0703125
1 0.1078125 0.6125 0.0359375 0.0859375
0 0.45390625 0.61484375 0.04375 0.078125
1 0.228125 0.76328125 0.0515625 0.0734375
0 0.66796875 0.670578125 0.0625 0.104171875
0 0.34700000000000003 0.33723437500000003 0.016921875 0.041671875000000004
0 0.318359375 0.33137500000000003 0.022140625 0.037765625000000004
1 0.46028125 0.33332812500000003 0.01953125 0.033859375000000004
1 0.423171875 0.32551562500000003 0.018234375 0.028640624999999996
0 0.490890625 0.34049999999999997 0.018234375 0.037765625000000004