5 0.68515625 0.3375 0.0203125 0.03125
0 0.640625 0.34375 0.0171875 0.034375
0 0.73125 0.36953125 0.015625 0.03125
5 0.90703125 0.37109375 0.0234375 0.0375
5 0.87734375 0.3828125 0.021875 0.0390625
0 0.640625 0.39375 0.01875 0.03125
0 0.81953125 0.39921875 0.025 0.04375
0 0.296875 0.41484375 0.025 0.046875
0 0.0921875 0.4296875 0.0234375 0.0359375
1 0.24296875 0.4328125 0.0265625 0.0546875
0 0.465625 0.46640625 0.0234375 0.0375
0 0.41484375 0.48046875 0.0234375 0.0484375
1 0.0609375 0.48125 0.028125 0.05625
0 0.28203125 0.53984375 0.0296875 0.053125
0 0.49453125 0.5625 0.0359375 0.0828125
1 0.1375 0.57421875 0.0375 0.0765625
5 0.3484375 0.65390625 0.0484375 0.10625
0 0.97421875 0.66171875 0.0515625 0.0828125