0 0.7109375 0.43671875 0.0125 0.021875
0 0.7640625 0.43671875 0.015625 0.0234375
0 0.67421875 0.43671875 0.0125 0.021875
0 0.5421875 0.44375 0.0109375 0.0234375
1 0.8578125 0.45703125 0.0203125 0.0390625
0 0.69296875 0.45859375 0.01875 0.0296875
0 0.4625 0.4640625 0.0125 0.0203125
0 0.5125 0.46640625 0.0140625 0.025
0 0.76796875 0.46796875 0.0171875 0.025
0 0.34375 0.48359375 0.0140625 0.0265625
1 0.62265625 0.5046875 0.0125 0.0296875
0 0.30546875 0.52734375 0.015625 0.0265625
0 0.26640625 0.528125 0.0140625 0.028125
0 0.38984375 0.55078125 0.0171875 0.0328125
0 0.68671875 0.56796875 0.0265625 0.0515625
1 0.5625 0.5703125 0.021875 0.0421875
0 0.82578125 0.58984375 0.028125 0.053125