0 0.13984375 0.4578125 0.01875 0.0359375
0 0.2921875 0.46015625 0.015625 0.025
0 0.21875 0.4625 0.015625 0.025
0 0.4890625 0.46484375 0.0125 0.025
0 0.53046875 0.46796875 0.0140625 0.025
0 0.57578125 0.49140625 0.0125 0.028125
0 0.3140625 0.5125 0.0140625 0.028125
0 0.36953125 0.51484375 0.009375 0.03125
0 0.2265625 0.52734375 0.01875 0.025
1 0.7265625 0.53203125 0.015625 0.028125
5 0.6234375 0.56015625 0.0171875 0.0328125
0 0.3125 0.5765625 0.025 0.046875
0 0.17421875 0.59765625 0.0328125 0.065625