1 0.73046875 0.3734375 0.015625 0.0359375
0 0.70078125 0.37421875 0.0171875 0.0359375
0 0.9140625 0.3828125 0.025 0.034375
0 0.87109375 0.384375 0.0234375 0.0375
0 0.640625 0.39765625 0.01875 0.03125
0 0.82734375 0.40234375 0.028125 0.0484375
0 0.309375 0.434375 0.0234375 0.0421875
4 0.4703125 0.44921875 0.028125 0.059375
0 0.24296875 0.45625 0.025 0.0484375
0 0.08984375 0.459375 0.0296875 0.0578125
4 0.40625 0.49609375 0.028125 0.05625
1 0.29921875 0.53359375 0.0296875 0.059375
0 0.52421875 0.5859375 0.0453125 0.084375
0 0.0984375 0.625 0.040625 0.08125
0 0.3546875 0.6625 0.04375 0.096875