1 0.7546875 0.375 0.0125 0.0296875
1 0.7046875 0.37734375 0.015625 0.0328125
1 0.86875 0.38203125 0.021875 0.0359375
1 0.6421875 0.390625 0.015625 0.0296875
0 0.83046875 0.40078125 0.0234375 0.0453125
1 0.30078125 0.41171875 0.025 0.0515625
1 0.25078125 0.4421875 0.028125 0.053125
0 0.475 0.4546875 0.03125 0.05625
1 0.10546875 0.48359375 0.03125 0.059375
1 0.40703125 0.48828125 0.0265625 0.0546875
0 0.2984375 0.5546875 0.0359375 0.0578125
1 0.12890625 0.5625 0.034375 0.075
0 0.51796875 0.56484375 0.0453125 0.0859375
0 0.346875 0.665625 0.0390625 0.1046875
1 0.677078125 0.32160937500000003 0.020828125 0.036453124999999996
0 0.5 0.34049999999999997 0.020828125 0.040359374999999996
1 0.5670625 0.32487499999999997 0.016921875 0.03515625