0 0.67734375 0.33203125 0.01875 0.03125
1 0.634375 0.33984375 0.015625 0.034375
1 0.7 0.3703125 0.015625 0.034375
1 0.728125 0.371875 0.0125 0.0328125
1 0.6421875 0.39140625 0.015625 0.03125
1 0.86953125 0.4078125 0.0234375 0.04375
1 0.303125 0.41953125 0.025 0.0453125
1 0.46953125 0.4453125 0.0265625 0.0578125
0 0.2234375 0.45859375 0.0296875 0.0546875
1 0.05703125 0.47890625 0.0328125 0.0703125
0 0.4078125 0.48984375 0.028125 0.0515625
0 0.290625 0.55859375 0.0359375 0.0515625
1 0.13125 0.55859375 0.034375 0.0703125
0 0.5296875 0.57578125 0.0375 0.08125
0 0.3484375 0.67421875 0.0359375 0.11875