0 0.2890625 0.43671875 0.0125 0.021875
0 0.2359375 0.43671875 0.015625 0.0234375
0 0.32578125 0.43671875 0.0125 0.021875
0 0.4578125 0.44375 0.0109375 0.0234375
1 0.1421875 0.45703125 0.0203125 0.0390625
0 0.30703125 0.45859375 0.01875 0.0296875
0 0.5375 0.4640625 0.0125 0.0203125
0 0.4875 0.46640625 0.0140625 0.025
0 0.23203125 0.46796875 0.0171875 0.025
0 0.65625 0.48359375 0.0140625 0.0265625
1 0.37734375 0.5046875 0.0125 0.0296875
0 0.69453125 0.52734375 0.015625 0.0265625
0 0.73359375 0.528125 0.0140625 0.028125
0 0.61015625 0.55078125 0.0171875 0.0328125
0 0.31328125 0.56796875 0.0265625 0.0515625
1 0.4375 0.5703125 0.021875 0.0421875
0 0.17421875 0.58984375 0.028125 0.053125