1 0.07890625 0.36953125 0.01875 0.0328125
1 0.29453125 0.37578125 0.0140625 0.0328125
1 0.1140625 0.3875 0.021875 0.0359375
0 0.35625 0.38828125 0.015625 0.0296875
0 0.17109375 0.4015625 0.025 0.0375
0 0.68359375 0.4171875 0.025 0.046875
0 0.90703125 0.42734375 0.021875 0.0328125
1 0.75859375 0.43671875 0.025 0.053125
1 0.528125 0.4453125 0.028125 0.05625
1 0.92265625 0.46640625 0.034375 0.0578125
0 0.59921875 0.49765625 0.028125 0.0546875
0 0.6890625 0.50703125 0.0328125 0.065625
0 0.50859375 0.55859375 0.0375 0.084375
1 0.83125 0.56640625 0.0375 0.075
1 0.65078125 0.6703125 0.0390625 0.0984375