0 0.37890625 0.3171875 0.009375 0.0234375
0 0.42109375 0.3328125 0.0109375 0.0203125
0 0.31796875 0.3328125 0.0109375 0.0234375
0 0.45546875 0.33671875 0.0109375 0.0234375
0 0.34765625 0.3375 0.0125 0.0265625
0 0.49453125 0.34921875 0.0125 0.0234375
1 0.26875 0.36875 0.0140625 0.0265625
5 0.09375 0.37109375 0.015625 0.0328125
1 0.296875 0.37734375 0.015625 0.03125
0 0.35859375 0.3984375 0.0125 0.021875
1 0.68515625 0.40703125 0.0234375 0.0453125
5 0.1359375 0.41640625 0.0171875 0.034375
0 0.90859375 0.4234375 0.01875 0.0453125
1 0.76171875 0.4453125 0.0203125 0.04375
0 0.52734375 0.4515625 0.0234375 0.04375
0 0.921875 0.4671875 0.025 0.0484375
1 0.59296875 0.48671875 0.0265625 0.05
0 0.71328125 0.5203125 0.03125 0.059375
1 0.8671875 0.57109375 0.0375 0.075
5 0.47265625 0.58828125 0.046875 0.08125
0 0.65 0.6703125 0.0390625 0.090625