0 0.390625 0.321875 0.0109375 0.0171875
0 0.33828125 0.3265625 0.0125 0.0234375
0 0.41328125 0.3375 0.0140625 0.015625
0 0.43828125 0.3375 0.0140625 0.0203125
0 0.49921875 0.35 0.0125 0.025
0 0.25078125 0.37265625 0.0171875 0.0296875
0 0.2875 0.37578125 0.0171875 0.028125
0 0.08203125 0.3796875 0.0203125 0.0296875
0 0.346875 0.39375 0.009375 0.0265625
0 0.1671875 0.4015625 0.01875 0.034375
0 0.746875 0.45546875 0.0234375 0.0421875
0 0.61015625 0.50703125 0.021875 0.05
0 0.64453125 0.52265625 0.025 0.0625
0 0.5 0.540625 0.0328125 0.08125
1 0.8484375 0.56953125 0.028125 0.0671875
0 0.54453125 0.65625 0.028125 0.090625