0 0.30625 0.48828125 0.015625 0.0296875
0 0.61796875 0.509375 0.0171875 0.0359375
1 0.21796875 0.528125 0.0171875 0.03125
0 0.26953125 0.53359375 0.015625 0.03125
0 0.284375 0.53671875 0.01875 0.0328125
1 0.3921875 0.54609375 0.0203125 0.0421875
0 0.56640625 0.5578125 0.028125 0.04375
0 0.690625 0.56484375 0.0265625 0.0578125
0 0.821875 0.58828125 0.03125 0.0625
0 0.86015625 0.46171875 0.028125 0.0390625
0 0.709375 0.4578125 0.025 0.0328125
0 0.6015625 0.3875 0.0296875 0.0296875
0 0.41875 0.4890625 0.025 0.0359375