0 0.31875 0.33359375 0.0171875 0.0328125
1 0.09140625 0.36796875 0.0234375 0.0453125
1 0.253125 0.36953125 0.015625 0.0328125
1 0.2984375 0.375 0.01875 0.0328125
1 0.13359375 0.384375 0.021875 0.046875
0 0.36015625 0.39296875 0.01875 0.0296875
0 0.15859375 0.40234375 0.03125 0.04375
1 0.68203125 0.4078125 0.025 0.05625
0 0.90859375 0.4234375 0.0234375 0.05
1 0.76875 0.4375 0.028125 0.0609375
0 0.52578125 0.45703125 0.0265625 0.05625
1 0.93203125 0.46875 0.0296875 0.0625
1 0.59609375 0.47578125 0.028125 0.0609375
0 0.71171875 0.52265625 0.03125 0.0625
0 0.47578125 0.575 0.0390625 0.0875
1 0.86328125 0.5796875 0.0421875 0.0859375
1 0.64765625 0.6640625 0.04375 0.1125
4 0.215625 0.75625 0.059375 0.096875