0 0.45859375 0.43984375 0.0171875 0.0265625
1 0.30078125 0.45234375 0.015625 0.034375
1 0.5671875 0.45546875 0.0140625 0.0265625
1 0.14296875 0.45703125 0.0203125 0.0375
1 0.53203125 0.45859375 0.0140625 0.03125
1 0.21953125 0.46484375 0.0203125 0.0265625
0 0.4859375 0.4671875 0.015625 0.028125
0 0.69375 0.48984375 0.0140625 0.021875
1 0.7796875 0.52421875 0.0125 0.021875
0 0.73359375 0.5296875 0.0140625 0.0265625
0 0.71328125 0.5359375 0.0171875 0.028125
0 0.31015625 0.5671875 0.028125 0.0546875
1 0.4296875 0.56796875 0.0234375 0.04375
5 0.159375 0.57890625 0.03125 0.05625