1 0.9109375 0.37109375 0.0171875 0.034375
1 0.70234375 0.37578125 0.015625 0.03125
0 0.74375 0.37734375 0.015625 0.028125
1 0.89140625 0.384375 0.01875 0.034375
0 0.64765625 0.39453125 0.0140625 0.025
0 0.86484375 0.41171875 0.028125 0.0390625
0 0.30859375 0.41875 0.025 0.0421875
0 0.09140625 0.42578125 0.021875 0.0421875
1 0.2375 0.4328125 0.0296875 0.05
0 0.48125 0.4515625 0.028125 0.05625
1 0.059375 0.47578125 0.0328125 0.0625
0 0.38984375 0.49765625 0.0265625 0.0578125
1 0.2921875 0.521875 0.028125 0.05625
1 0.49921875 0.54140625 0.0359375 0.0828125
1 0.16875 0.56796875 0.03125 0.0671875
0 0.33046875 0.7546875 0.05 0.0984375