0 0.54140625 0.43984375 0.0171875 0.0265625
1 0.69921875 0.45234375 0.015625 0.034375
1 0.4328125 0.45546875 0.0140625 0.0265625
1 0.85703125 0.45703125 0.0203125 0.0375
1 0.46796875 0.45859375 0.0140625 0.03125
1 0.78046875 0.46484375 0.0203125 0.0265625
0 0.5140625 0.4671875 0.015625 0.028125
0 0.30625 0.48984375 0.0140625 0.021875
1 0.2203125 0.52421875 0.0125 0.021875
0 0.26640625 0.5296875 0.0140625 0.0265625
0 0.28671875 0.5359375 0.0171875 0.028125
0 0.68984375 0.5671875 0.028125 0.0546875
1 0.5703125 0.56796875 0.0234375 0.04375
5 0.840625 0.57890625 0.03125 0.05625