1 0.68046875 0.33203125 0.0140625 0.028125
1 0.6515625 0.3421875 0.015625 0.034375
1 0.9109375 0.371875 0.021875 0.04375
1 0.75078125 0.371875 0.015625 0.0296875
0 0.703125 0.37578125 0.015625 0.0328125
1 0.64375 0.3921875 0.0140625 0.0296875
0 0.85390625 0.41015625 0.0234375 0.0421875
0 0.3109375 0.4125 0.025 0.05
0 0.090625 0.42578125 0.0234375 0.0390625
0 0.2328125 0.44140625 0.0234375 0.053125
0 0.47109375 0.45 0.028125 0.0578125
0 0.09296875 0.478125 0.0359375 0.0515625
0 0.40703125 0.49140625 0.03125 0.0609375
0 0.28359375 0.53203125 0.0359375 0.059375
1 0.14453125 0.56640625 0.0390625 0.08125
0 0.53984375 0.61171875 0.0453125 0.0828125
1 0.88984375 0.6125 0.0421875 0.0859375
0 0.3359375 0.67734375 0.0515625 0.103125
1 0.7734375 0.76875 0.0546875 0.078125