0 0.3140625 0.31640625 0.0109375 0.021875
0 0.44765625 0.3265625 0.0140625 0.0234375
0 0.41796875 0.328125 0.0109375 0.0234375
0 0.49921875 0.3515625 0.0140625 0.025
0 0.28046875 0.38125 0.015625 0.0234375
0 0.0796875 0.38359375 0.0203125 0.025
0 0.35234375 0.39765625 0.0125 0.0234375
0 0.90859375 0.4296875 0.021875 0.040625
0 0.7609375 0.44375 0.0234375 0.0453125
0 0.6046875 0.4921875 0.025 0.0484375
0 0.7015625 0.50703125 0.0265625 0.0578125
0 0.8546875 0.56171875 0.03125 0.059375
2 0.49765625 0.61015625 0.13125 0.24375
0 0.65546875 0.65390625 0.040625 0.090625
6 0.175 0.43984375 0.0515625 0.16875
6 0.12578125 0.384375 0.0609375 0.09375