0 0.68984375 0.33515625 0.015625 0.028125
0 0.65625 0.346875 0.015625 0.0234375
0 0.7515625 0.36875 0.0140625 0.0296875
0 0.928125 0.37890625 0.0203125 0.0328125
1 0.64375 0.390625 0.01875 0.03125
0 0.8359375 0.40234375 0.028125 0.040625
1 0.30546875 0.4140625 0.0234375 0.0421875
0 0.09453125 0.42578125 0.0265625 0.0375
0 0.24140625 0.44609375 0.0234375 0.0453125
0 0.47265625 0.4515625 0.025 0.0515625
1 0.0828125 0.46171875 0.0265625 0.05625
0 0.41171875 0.50625 0.0265625 0.0421875
0 0.28828125 0.5265625 0.03125 0.0546875
0 0.53359375 0.59140625 0.0515625 0.090625
0 0.14140625 0.63046875 0.04375 0.0625
1 0.40546875 0.68125 0.046875 0.109375