1 0.325 0.31953125 0.0203125 0.03125
1 0.36015625 0.34140625 0.01875 0.0328125
1 0.0859375 0.371875 0.021875 0.0390625
1 0.28984375 0.37578125 0.0140625 0.034375
1 0.2515625 0.37734375 0.0171875 0.034375
1 0.13125 0.38515625 0.01875 0.0453125
1 0.35703125 0.390625 0.015625 0.0328125
1 0.18125 0.40078125 0.025 0.0484375
1 0.69453125 0.41171875 0.025 0.0390625
0 0.9078125 0.42109375 0.021875 0.04375
0 0.7640625 0.446875 0.0203125 0.05
4 0.5296875 0.45390625 0.0265625 0.046875
0 0.90625 0.48046875 0.0265625 0.059375
0 0.58984375 0.5046875 0.025 0.05
1 0.51796875 0.52578125 0.03125 0.08125
0 0.71015625 0.55078125 0.0265625 0.0578125
0 0.8609375 0.5859375 0.040625 0.0640625
4 0.1140625 0.6203125 0.0328125 0.0828125
1 0.5953125 0.66328125 0.0390625 0.096875