0 0.25625 0.3796875 0.0171875 0.0265625
0 0.084375 0.38125 0.0203125 0.0265625
0 0.35859375 0.39609375 0.015625 0.03125
0 0.13515625 0.4140625 0.025 0.0375
1 0.69296875 0.41484375 0.01875 0.04375
1 0.90625 0.41953125 0.01875 0.0375
1 0.759375 0.4375 0.0203125 0.046875
1 0.9328125 0.4671875 0.0265625 0.059375
0 0.59140625 0.4890625 0.0265625 0.0515625
0 0.71328125 0.53125 0.028125 0.0515625
0 0.5046875 0.5734375 0.0375 0.08125
1 0.86328125 0.58984375 0.0375 0.0828125
0 0.65078125 0.665625 0.04375 0.0984375
0 0.01875 0.665625 0.0375 0.0796875
1 0.21745312499999997 0.751953125 0.0625 0.084640625