0 0.67109375 0.43515625 0.0125 0.025
0 0.5421875 0.44453125 0.0109375 0.0203125
0 0.70703125 0.45546875 0.015625 0.0328125
0 0.43359375 0.45703125 0.0109375 0.021875
0 0.86875 0.4640625 0.021875 0.0375
0 0.7765625 0.4640625 0.0171875 0.03125
0 0.46484375 0.46484375 0.0109375 0.0234375
0 0.51640625 0.46484375 0.0109375 0.0265625
0 0.30546875 0.49140625 0.0125 0.021875
0 0.61484375 0.51171875 0.009375 0.028125
0 0.775 0.52734375 0.0203125 0.0265625
0 0.28828125 0.53671875 0.01875 0.028125
0 0.26875 0.53828125 0.0140625 0.028125
0 0.39453125 0.54375 0.015625 0.0359375
0 0.6890625 0.5703125 0.025 0.05
1 0.5734375 0.5703125 0.0203125 0.040625
0 0.8390625 0.59765625 0.025 0.05625