1 0.28984375 0.371875 0.015625 0.03125
0 0.0875 0.37421875 0.025 0.0421875
4 0.35859375 0.37578125 0.0140625 0.028125
0 0.17734375 0.40234375 0.025 0.0421875
0 0.7 0.428125 0.028125 0.05
0 0.9078125 0.43046875 0.0234375 0.0375
1 0.521875 0.43125 0.0265625 0.0515625
0 0.76484375 0.446875 0.0265625 0.0515625
1 0.94296875 0.4859375 0.0375 0.059375
0 0.59453125 0.490625 0.0234375 0.0515625
0 0.71328125 0.52578125 0.03125 0.059375
1 0.48515625 0.53046875 0.0375 0.078125
1 0.8609375 0.5734375 0.040625 0.078125
0 0.0234375 0.64609375 0.0453125 0.1015625
0 0.6578125 0.67109375 0.0453125 0.0984375