1 0.6796875 0.33203125 0.01875 0.0296875
1 0.73359375 0.37421875 0.015625 0.03125
1 0.7109375 0.37578125 0.0171875 0.034375
0 0.87890625 0.38125 0.0203125 0.0328125
1 0.83359375 0.39765625 0.0234375 0.0421875
0 0.3015625 0.415625 0.0203125 0.0453125
0 0.0921875 0.428125 0.021875 0.0375
0 0.2359375 0.440625 0.0234375 0.046875
0 0.46875 0.45 0.025 0.0546875
1 0.05390625 0.48203125 0.028125 0.0546875
0 0.41015625 0.4921875 0.0265625 0.0515625
0 0.290625 0.5203125 0.0296875 0.0546875
0 0.52734375 0.578125 0.04375 0.0890625
1 0.890625 0.60625 0.0375 0.0859375
1 0.3453125 0.6640625 0.040625 0.1046875
5 0.14909375 0.606765625 0.115890625 0.158859375
0 0.649734375 0.34114062500000003 0.015625 0.041671875000000004
1 0.5703125 0.31965625000000003 0.018234375 0.03515625
0 0.608078125 0.31770312500000003 0.015625 0.03125