1 0.84296875 0.459375 0.0234375 0.03125
0 0.30703125 0.48046875 0.015625 0.028125
0 0.6921875 0.4953125 0.0171875 0.0453125
1 0.6265625 0.49765625 0.0171875 0.0375
1 0.7546875 0.51484375 0.0203125 0.0390625
1 0.55703125 0.5578125 0.0296875 0.0515625
1 0.68828125 0.56328125 0.0328125 0.059375
1 0.84453125 0.6078125 0.0328125 0.0578125
5 0.387828125 0.575890625 0.061390625 0.102671875
0 0.321984375 0.539625 0.025671875 0.03459375
5 0.284046875 0.54353125 0.045765625 0.06696875
0 0.22265625 0.52790625 0.0234375 0.03125
1 0.7677031249999999 0.46042187500000004 0.016671875 0.03125