0 0.384375 0.32265625 0.0109375 0.01875
0 0.4203125 0.33203125 0.0125 0.0203125
0 0.32578125 0.3359375 0.0140625 0.025
0 0.4484375 0.33671875 0.0125 0.021875
0 0.5015625 0.3421875 0.0140625 0.028125
0 0.36015625 0.34765625 0.0140625 0.0265625
0 0.21171875 0.35546875 0.0140625 0.0234375
0 0.2328125 0.37890625 0.0125 0.0265625
0 0.278125 0.38046875 0.0125 0.0234375
0 0.08359375 0.38046875 0.01875 0.028125
0 0.35234375 0.3953125 0.0125 0.028125
0 0.14453125 0.4078125 0.01875 0.0375
0 0.90703125 0.42265625 0.021875 0.040625
0 0.76015625 0.43671875 0.025 0.05
0 0.60546875 0.4875 0.025 0.05
0 0.66796875 0.51640625 0.0234375 0.059375
0 0.48828125 0.55546875 0.0328125 0.0703125
0 0.8609375 0.56015625 0.034375 0.0609375
0 0.653125 0.65 0.040625 0.090625