5 0.53984375 0.3359375 0.01875 0.03125
1 0.925 0.371875 0.0265625 0.0390625
1 0.75 0.375 0.0203125 0.0375
1 0.7078125 0.37578125 0.0203125 0.0359375
0 0.87265625 0.37890625 0.021875 0.0359375
1 0.64453125 0.3890625 0.0171875 0.03125
0 0.8328125 0.40546875 0.028125 0.046875
1 0.31171875 0.41484375 0.0234375 0.05
0 0.09765625 0.4203125 0.03125 0.0703125
1 0.24609375 0.43671875 0.0265625 0.0515625
0 0.471875 0.4515625 0.0265625 0.046875
1 0.07265625 0.465625 0.0359375 0.0578125
0 0.2875 0.5109375 0.0484375 0.1234375
5 0.40078125 0.51640625 0.034375 0.065625
1 0.48828125 0.52265625 0.034375 0.0796875
0 0.1453125 0.61171875 0.040625 0.0734375
0 0.96484375 0.65 0.053125 0.078125
0 0.37109375 0.67421875 0.06875 0.1515625