1 0.7421875 0.3703125 0.01875 0.0296875
1 0.71171875 0.375 0.0125 0.03125
0 0.878125 0.37734375 0.015625 0.0390625
1 0.928125 0.378125 0.025 0.025
0 0.83046875 0.3984375 0.021875 0.040625
0 0.64453125 0.40078125 0.015625 0.028125
1 0.29921875 0.4140625 0.0203125 0.0453125
0 0.09296875 0.42734375 0.0234375 0.0453125
0 0.47109375 0.45703125 0.0234375 0.0515625
0 0.2484375 0.46328125 0.0203125 0.046875
1 0.05390625 0.484375 0.025 0.053125
0 0.409375 0.4984375 0.0203125 0.0453125
0 0.2859375 0.5390625 0.0328125 0.0546875
0 0.53046875 0.59140625 0.0359375 0.06875
1 0.4078125 0.6578125 0.0421875 0.0984375