0 0.32890625 0.43984375 0.0125 0.01875
1 0.52421875 0.440625 0.009375 0.015625
1 0.2921875 0.453125 0.015625 0.0296875
1 0.14140625 0.459375 0.01875 0.0328125
1 0.22734375 0.46328125 0.015625 0.025
0 0.53828125 0.465625 0.0109375 0.01875
0 0.48828125 0.4671875 0.0125 0.01875
1 0.69140625 0.48671875 0.0109375 0.0234375
0 0.5859375 0.49609375 0.0125 0.0203125
0 0.37734375 0.51640625 0.0140625 0.0265625
0 0.7796875 0.525 0.0140625 0.01875
0 0.22265625 0.528125 0.01875 0.025
1 0.74140625 0.53203125 0.0140625 0.028125
1 0.62109375 0.5453125 0.0171875 0.03125
0 0.7109375 0.54609375 0.01875 0.0203125
0 0.309375 0.57109375 0.0234375 0.0515625
0 0.43515625 0.57265625 0.0203125 0.040625
4 0.1484375 0.5875 0.0296875 0.0546875