0 0.70234375 0.3234375 0.015625 0.0265625
0 0.5765625 0.33046875 0.0125 0.0234375
0 0.5546875 0.33515625 0.0125 0.0234375
0 0.4953125 0.34765625 0.0140625 0.025
0 0.7875 0.35078125 0.0140625 0.021875
0 0.640625 0.35078125 0.0140625 0.025
0 0.903125 0.359375 0.01875 0.0359375
0 0.7484375 0.371875 0.015625 0.0265625
0 0.7109375 0.3796875 0.015625 0.0296875
0 0.64921875 0.396875 0.0125 0.0265625
0 0.08984375 0.43046875 0.0203125 0.0375
0 0.23828125 0.44609375 0.0234375 0.0515625
0 0.4 0.4828125 0.025 0.046875
0 0.27734375 0.4953125 0.0265625 0.0625
0 0.14296875 0.57734375 0.034375 0.059375
0 0.54140625 0.58359375 0.0390625 0.071875
0 0.34609375 0.65546875 0.040625 0.090625