0 0.32890625 0.43515625 0.0125 0.025
0 0.4578125 0.44453125 0.0109375 0.0203125
0 0.29296875 0.45546875 0.015625 0.0328125
0 0.56640625 0.45703125 0.0109375 0.021875
0 0.13125 0.4640625 0.021875 0.0375
0 0.2234375 0.4640625 0.0171875 0.03125
0 0.53515625 0.46484375 0.0109375 0.0234375
0 0.48359375 0.46484375 0.0109375 0.0265625
0 0.69453125 0.49140625 0.0125 0.021875
0 0.38515625 0.51171875 0.009375 0.028125
0 0.225 0.52734375 0.0203125 0.0265625
0 0.71171875 0.53671875 0.01875 0.028125
0 0.73125 0.53828125 0.0140625 0.028125
0 0.60546875 0.54375 0.015625 0.0359375
0 0.3109375 0.5703125 0.025 0.05
1 0.4265625 0.5703125 0.0203125 0.040625
0 0.1609375 0.59765625 0.025 0.05625