0 0.6125 0.32109375 0.0125 0.021875
0 0.68125 0.328125 0.015625 0.0296875
0 0.565625 0.3296875 0.0140625 0.0265625
0 0.54453125 0.3375 0.0140625 0.021875
0 0.6390625 0.3453125 0.015625 0.0359375
0 0.5015625 0.34921875 0.015625 0.03125
0 0.759375 0.37421875 0.015625 0.034375
0 0.87265625 0.378125 0.0203125 0.034375
0 0.71875 0.38203125 0.0171875 0.0296875
0 0.91953125 0.38984375 0.025 0.0375
0 0.6484375 0.3953125 0.0140625 0.03125
0 0.8390625 0.39609375 0.0234375 0.040625
0 0.09140625 0.41953125 0.0234375 0.0453125
0 0.2328125 0.440625 0.028125 0.06875
0 0.0515625 0.4609375 0.0375 0.0609375
0 0.403125 0.48828125 0.028125 0.05625
0 0.28046875 0.50234375 0.0359375 0.0640625
0 0.146875 0.54765625 0.0390625 0.078125
0 0.51953125 0.5796875 0.0390625 0.08125
0 0.35078125 0.6546875 0.0421875 0.096875