1 0.678125 0.33203125 0.015625 0.028125
1 0.728125 0.37265625 0.0125 0.0296875
1 0.70546875 0.375 0.015625 0.0328125
1 0.92421875 0.3765625 0.0234375 0.0328125
1 0.8671875 0.38203125 0.0171875 0.034375
0 0.64296875 0.3921875 0.0140625 0.0265625
1 0.82578125 0.3984375 0.0203125 0.0453125
1 0.3140625 0.41171875 0.0203125 0.04375
0 0.09140625 0.42890625 0.021875 0.0390625
1 0.47265625 0.44296875 0.021875 0.053125
0 0.22578125 0.4546875 0.0234375 0.0484375
1 0.06171875 0.47421875 0.028125 0.0546875
0 0.3921875 0.4921875 0.0265625 0.053125
0 0.31328125 0.53515625 0.0265625 0.059375
1 0.515625 0.54140625 0.0390625 0.0828125
0 0.13671875 0.55859375 0.0328125 0.065625
1 0.3453125 0.68203125 0.04375 0.0984375