1 0.68203125 0.33203125 0.0109375 0.0296875
0 0.64453125 0.33515625 0.0203125 0.0328125
1 0.73046875 0.36796875 0.015625 0.028125
1 0.70859375 0.37421875 0.015625 0.0265625
1 0.9265625 0.37578125 0.0234375 0.0296875
1 0.86875 0.3859375 0.01875 0.0375
1 0.6421875 0.39140625 0.015625 0.0265625
1 0.8203125 0.40546875 0.0203125 0.040625
1 0.30390625 0.4078125 0.01875 0.0484375
1 0.09375 0.41953125 0.021875 0.0375
1 0.24375 0.43984375 0.0234375 0.04375
1 0.4609375 0.44921875 0.021875 0.0546875
1 0.10859375 0.4625 0.0265625 0.053125
0 0.4109375 0.496875 0.0203125 0.05
0 0.2859375 0.52734375 0.0296875 0.0625
0 0.509375 0.55859375 0.034375 0.071875
1 0.15703125 0.57578125 0.0328125 0.071875
1 0.8796875 0.6171875 0.0390625 0.0890625
1 0.37109375 0.67109375 0.040625 0.1078125
1 0.7734375 0.7734375 0.040625 0.0640625