4 0.39921875 0.31328125 0.0140625 0.0359375
1 0.31640625 0.328125 0.0171875 0.03125
0 0.346875 0.3421875 0.01875 0.0359375
1 0.09296875 0.3703125 0.0265625 0.04375
0 0.3015625 0.375 0.01875 0.034375
0 0.1328125 0.37890625 0.025 0.04375
0 0.3625 0.3953125 0.01875 0.0328125
0 0.14921875 0.40625 0.03125 0.0484375
1 0.684375 0.41328125 0.0234375 0.0453125
0 0.909375 0.421875 0.0265625 0.0453125
1 0.76171875 0.43046875 0.0265625 0.05625
0 0.52890625 0.4515625 0.028125 0.053125
1 0.921875 0.46015625 0.03125 0.059375
0 0.5921875 0.48828125 0.03125 0.0609375
0 0.7125 0.521875 0.0359375 0.0703125
0 0.49921875 0.53984375 0.04375 0.0984375
0 0.8640625 0.57890625 0.04375 0.0828125
0 0.03359375 0.64453125 0.0671875 0.09375
4 0.653125 0.6625 0.0453125 0.1015625
1 0.2140625 0.7515625 0.075 0.0984375