0 0.62109375 0.3171875 0.009375 0.0234375
0 0.57890625 0.3328125 0.0109375 0.0203125
0 0.68203125 0.3328125 0.0109375 0.0234375
0 0.54453125 0.33671875 0.0109375 0.0234375
0 0.65234375 0.3375 0.0125 0.0265625
0 0.50546875 0.34921875 0.0125 0.0234375
1 0.73125 0.36875 0.0140625 0.0265625
4 0.90625 0.37109375 0.015625 0.0328125
1 0.703125 0.37734375 0.015625 0.03125
0 0.64140625 0.3984375 0.0125 0.021875
1 0.31484375 0.40703125 0.0234375 0.0453125
4 0.8640625 0.41640625 0.0171875 0.034375
0 0.09140625 0.4234375 0.01875 0.0453125
1 0.23828125 0.4453125 0.0203125 0.04375
0 0.47265625 0.4515625 0.0234375 0.04375
0 0.078125 0.4671875 0.025 0.0484375
1 0.40703125 0.48671875 0.0265625 0.05
0 0.28671875 0.5203125 0.03125 0.059375
1 0.1328125 0.57109375 0.0375 0.075
4 0.52734375 0.58828125 0.046875 0.08125
0 0.35 0.6703125 0.0390625 0.090625