0 0.28984375 0.43046875 0.015625 0.028125
0 0.32734375 0.4359375 0.0125 0.025
0 0.13125 0.46015625 0.0203125 0.0375
0 0.22109375 0.4609375 0.0171875 0.028125
0 0.31171875 0.465625 0.015625 0.0234375
0 0.52890625 0.47265625 0.0140625 0.0265625
0 0.5765625 0.48984375 0.01875 0.0234375
1 0.6578125 0.49140625 0.015625 0.021875
0 0.68828125 0.4921875 0.0140625 0.0203125
0 0.30859375 0.50859375 0.015625 0.03125
0 0.37421875 0.51796875 0.0125 0.03125
0 0.234375 0.525 0.0171875 0.034375
0 0.69765625 0.53515625 0.0171875 0.0296875
0 0.621875 0.553125 0.0203125 0.0328125
0 0.3125 0.57578125 0.0296875 0.0515625
0 0.16484375 0.61171875 0.0328125 0.0515625