1 0.2421875 0.453125 0.015625 0.028125
1 0.13984375 0.45703125 0.01875 0.034375
1 0.7046875 0.47890625 0.0140625 0.028125
1 0.31015625 0.49453125 0.0140625 0.0328125
1 0.3765625 0.49921875 0.0125 0.034375
1 0.2375 0.50703125 0.01875 0.034375
1 0.690625 0.51953125 0.0125 0.0375
1 0.72890625 0.52734375 0.015625 0.0296875
0 0.78046875 0.52890625 0.0125 0.0203125
1 0.67265625 0.5328125 0.01875 0.0375
1 0.59921875 0.5359375 0.015625 0.0359375
1 0.309375 0.55625 0.0234375 0.0484375
1 0.45078125 0.57109375 0.0265625 0.0296875
1 0.15703125 0.58046875 0.0296875 0.0578125