1 0.33203125 0.43359375 0.0125 0.0203125
1 0.45625 0.44140625 0.009375 0.0203125
0 0.3015625 0.4578125 0.0140625 0.0265625
0 0.140625 0.4578125 0.01875 0.0296875
0 0.23203125 0.46875 0.015625 0.0234375
0 0.69296875 0.48515625 0.0125 0.0265625
1 0.65703125 0.4859375 0.0140625 0.021875
0 0.5734375 0.490625 0.015625 0.028125
0 0.3765625 0.50390625 0.0125 0.0265625
4 0.29765625 0.51015625 0.015625 0.0265625
0 0.2140625 0.52578125 0.01875 0.03125
1 0.746875 0.52890625 0.015625 0.025
1 0.70234375 0.52890625 0.0171875 0.025
0 0.78046875 0.5296875 0.0125 0.0234375
1 0.6671875 0.534375 0.0203125 0.0234375
1 0.60390625 0.5421875 0.0171875 0.0296875
4 0.3140625 0.565625 0.0234375 0.04375
1 0.43203125 0.56875 0.0203125 0.0421875
4 0.1734375 0.5875 0.0265625 0.053125
0 0.4859375 0.46796875 0.0125 0.0234375