1 0.84296875 0.459375 0.0234375 0.03125
0 0.30703125 0.48046875 0.015625 0.028125
0 0.6921875 0.4953125 0.0171875 0.0453125
1 0.6265625 0.49765625 0.0171875 0.0375
1 0.7546875 0.51484375 0.0203125 0.0390625
1 0.55703125 0.5578125 0.0296875 0.0515625
1 0.68828125 0.56328125 0.0328125 0.059375
1 0.84453125 0.6078125 0.0328125 0.0578125
6 0.3875 0.57578125 0.0609375 0.103125
0 0.321875 0.53984375 0.025 0.034375
6 0.284375 0.54375 0.0453125 0.0671875
0 0.22265625 0.528125 0.0234375 0.03125
1 0.76796875 0.46015625 0.0171875 0.03125