0 0.32265625 0.33359375 0.0234375 0.0265625
1 0.07265625 0.37421875 0.0203125 0.0359375
1 0.2546875 0.37578125 0.015625 0.0328125
0 0.1265625 0.37734375 0.0234375 0.0375
0 0.28984375 0.37734375 0.0171875 0.0375
1 0.35703125 0.3921875 0.0171875 0.03125
0 0.165625 0.4046875 0.025 0.0453125
0 0.9078125 0.425 0.0265625 0.04375
0 0.7 0.4296875 0.028125 0.0515625
0 0.7671875 0.44921875 0.0296875 0.0515625
0 0.52734375 0.453125 0.03125 0.059375
1 0.95078125 0.478125 0.0390625 0.0671875
0 0.59296875 0.49921875 0.0296875 0.05
0 0.71171875 0.52421875 0.0359375 0.0625
0 0.8625 0.55390625 0.0390625 0.075
0 0.4703125 0.609375 0.05 0.0828125
1 0.11328125 0.6140625 0.0515625 0.096875
0 0.59609375 0.67890625 0.05 0.10625
0 0.2 0.7796875 0.071875 0.0859375