0 0.85234375 0.4625 0.021875 0.03125
0 0.34921875 0.48828125 0.0125 0.021875
0 0.31171875 0.49140625 0.0109375 0.01875
0 0.42265625 0.49296875 0.015625 0.0234375
0 0.29765625 0.53046875 0.01875 0.028125
4 0.37421875 0.5546875 0.01875 0.028125
0 0.6890625 0.57109375 0.028125 0.0515625
0 0.8265625 0.5859375 0.0265625 0.05
0 0.431359375 0.454796875 0.0234375 0.030140624999999997
0 0.46540625 0.463171875 0.02009375 0.024546875000000003
0 0.690296875 0.460375 0.025671875 0.032359375
0 0.775671875 0.46428125 0.033484375 0.040171875