1 0.67421875 0.325 0.015625 0.028125
0 0.7359375 0.375 0.015625 0.0328125
1 0.70078125 0.37734375 0.015625 0.0296875
1 0.91953125 0.37890625 0.0171875 0.0328125
1 0.64140625 0.390625 0.0140625 0.0296875
0 0.83515625 0.40546875 0.021875 0.0390625
0 0.31640625 0.4234375 0.0265625 0.040625
0 0.09140625 0.43125 0.021875 0.0359375
0 0.475 0.45234375 0.025 0.0484375
0 0.25546875 0.46171875 0.0234375 0.0421875
1 0.06171875 0.47421875 0.0296875 0.0609375
0 0.4046875 0.4921875 0.025 0.05625
0 0.28515625 0.52265625 0.03125 0.0625
1 0.140625 0.54140625 0.040625 0.071875
0 0.5265625 0.57578125 0.040625 0.075
0 0.34609375 0.66640625 0.0375 0.0984375