1 0.365625 0.33515625 0.01875 0.0421875
1 0.26953125 0.3703125 0.0171875 0.046875
0 0.071875 0.37109375 0.025 0.0375
1 0.2921875 0.37265625 0.015625 0.0390625
1 0.13125 0.38046875 0.0265625 0.0484375
1 0.36015625 0.384375 0.015625 0.0375
1 0.703125 0.39921875 0.0296875 0.0671875
0 0.17421875 0.40234375 0.028125 0.046875
0 0.90625 0.42734375 0.0234375 0.0359375
4 0.77265625 0.4421875 0.028125 0.0515625
1 0.53828125 0.45234375 0.028125 0.046875
1 0.890625 0.478125 0.0265625 0.053125
0 0.59453125 0.4859375 0.03125 0.0578125
0 0.7125 0.53828125 0.0359375 0.0625
0 0.4953125 0.55078125 0.040625 0.08125
1 0.871875 0.55546875 0.0453125 0.075
4 0.11328125 0.62109375 0.0421875 0.0953125
0 0.63046875 0.67421875 0.05625 0.109375
0 0.50896875 0.34184375 0.028359375 0.0366875
0 0.468171875 0.33403125 0.040515625 0.045359375
1 0.328703125 0.321578125 0.025468750000000002 0.037828125000000004