0 0.56796875 0.33125 0.0109375 0.01875
0 0.68203125 0.33515625 0.0125 0.021875
1 0.54375 0.3359375 0.0109375 0.021875
1 0.63984375 0.34765625 0.0125 0.025
0 0.50234375 0.3515625 0.0125 0.01875
1 0.7046875 0.375 0.0125 0.0296875
0 0.74609375 0.37734375 0.0109375 0.0265625
1 0.8703125 0.3828125 0.0140625 0.03125
1 0.6421875 0.39140625 0.0125 0.0234375
0 0.83125 0.40546875 0.015625 0.0375
1 0.31328125 0.40859375 0.021875 0.04375
0 0.2453125 0.4515625 0.0234375 0.05
0 0.4765625 0.4546875 0.028125 0.046875
1 0.11015625 0.4625 0.025 0.0515625
0 0.409375 0.50390625 0.0203125 0.0546875
0 0.3 0.55703125 0.0296875 0.046875
1 0.13125 0.56875 0.03125 0.0671875
0 0.52578125 0.58515625 0.046875 0.075
1 0.37265625 0.6984375 0.040625 0.096875