0 0.3171875 0.33125 0.0125 0.0234375
1 0.071875 0.37109375 0.0171875 0.0328125
0 0.2734375 0.3734375 0.0140625 0.0328125
1 0.13125 0.38515625 0.01875 0.034375
1 0.16953125 0.3984375 0.0171875 0.0390625
1 0.90546875 0.42265625 0.0203125 0.034375
0 0.68203125 0.4421875 0.0203125 0.0421875
0 0.7671875 0.44296875 0.0234375 0.0453125
1 0.509375 0.45625 0.021875 0.040625
0 0.9265625 0.4625 0.028125 0.0578125
0 0.5890625 0.5046875 0.0265625 0.040625
0 0.70859375 0.540625 0.0265625 0.046875
1 0.8515625 0.55703125 0.0328125 0.0671875
0 0.46640625 0.60859375 0.0390625 0.0671875
0 0.028125 0.65390625 0.04375 0.0828125
0 0.59453125 0.67265625 0.0421875 0.1
0 0.22109375 0.78828125 0.04375 0.053125