1 0.70859375 0.37578125 0.015625 0.03125
1 0.7484375 0.3828125 0.015625 0.03125
1 0.86796875 0.38515625 0.0203125 0.034375
1 0.640625 0.39296875 0.0125 0.0265625
1 0.81875 0.40390625 0.021875 0.0390625
1 0.30546875 0.4125 0.0234375 0.04375
0 0.0921875 0.4234375 0.021875 0.0375
0 0.23515625 0.44921875 0.0234375 0.0484375
0 0.4578125 0.4609375 0.025 0.0484375
0 0.08984375 0.4796875 0.0265625 0.0484375
0 0.4109375 0.5 0.0265625 0.0453125
0 0.28828125 0.52890625 0.0296875 0.05625
1 0.50390625 0.54296875 0.0359375 0.0859375
1 0.1421875 0.56171875 0.0328125 0.0671875
0 0.88671875 0.63125 0.034375 0.0828125
1 0.4 0.678125 0.0390625 0.0984375
1 0.778125 0.7703125 0.0359375 0.05625