0 0.34609375 0.340625 0.015625 0.0359375
1 0.08828125 0.371875 0.021875 0.0421875
1 0.25234375 0.371875 0.0140625 0.03125
1 0.2890625 0.3765625 0.015625 0.03125
0 0.128125 0.3875 0.021875 0.0375
0 0.1640625 0.40625 0.0234375 0.0390625
0 0.690625 0.41640625 0.0265625 0.05
0 0.90546875 0.42265625 0.025 0.046875
1 0.75390625 0.43203125 0.0265625 0.05625
0 0.52890625 0.446875 0.028125 0.053125
1 0.88984375 0.496875 0.03125 0.059375
5 0.59765625 0.509375 0.0296875 0.05
0 0.71328125 0.52421875 0.03125 0.0546875
1 0.86015625 0.5671875 0.0453125 0.0796875
0 0.503125 0.571875 0.0421875 0.0828125
0 0.034375 0.6546875 0.0515625 0.078125
0 0.6609375 0.6734375 0.0453125 0.1015625
0 0.36015625 0.39375 0.0328125 0.059375
0 0.45625 0.33125 0.0328125 0.0375
0 0.421875 0.321875 0.021875 0.040625
0 0.49609375 0.33515625 0.0234375 0.040625