1 0.68125 0.3328125 0.0140625 0.0296875
1 0.91484375 0.36953125 0.021875 0.0375
0 0.70546875 0.3765625 0.0171875 0.0359375
1 0.74921875 0.37734375 0.0171875 0.0328125
0 0.86953125 0.38359375 0.0234375 0.0390625
1 0.6421875 0.38828125 0.015625 0.0328125
0 0.82578125 0.40078125 0.025 0.046875
1 0.3078125 0.40703125 0.0296875 0.053125
1 0.25078125 0.43984375 0.03125 0.05625
0 0.47734375 0.45234375 0.03125 0.0578125
1 0.41015625 0.4875 0.0296875 0.0609375
1 0.103125 0.4921875 0.03125 0.0625
0 0.30234375 0.5515625 0.0359375 0.059375
0 0.5140625 0.55625 0.046875 0.0796875
1 0.13046875 0.5671875 0.0390625 0.075
0 0.35 0.675 0.040625 0.1015625