0 0.69921875 0.375 0.0171875 0.0296875
1 0.86875 0.38203125 0.0203125 0.034375
1 0.6375 0.3859375 0.015625 0.0328125
1 0.29921875 0.40859375 0.0234375 0.0453125
0 0.84609375 0.41328125 0.021875 0.0390625
0 0.08984375 0.421875 0.0171875 0.034375
1 0.2515625 0.43828125 0.021875 0.046875
1 0.07890625 0.453125 0.03125 0.0515625
0 0.4703125 0.45546875 0.0203125 0.0421875
0 0.40234375 0.490625 0.0234375 0.0484375
0 0.29296875 0.540625 0.03125 0.046875
0 0.1390625 0.5828125 0.0375 0.071875
0 0.53359375 0.5859375 0.0359375 0.0828125
1 0.353125 0.646875 0.0421875 0.1