0 0.6171875 0.321875 0.0109375 0.0203125
0 0.675 0.33046875 0.009375 0.0234375
0 0.57421875 0.33203125 0.0125 0.0203125
0 0.540625 0.33828125 0.015625 0.021875
0 0.49453125 0.34765625 0.0140625 0.01875
0 0.6390625 0.3484375 0.0140625 0.028125
0 0.7875 0.35390625 0.0140625 0.0203125
0 0.83515625 0.37109375 0.0265625 0.0453125
0 0.75546875 0.37421875 0.0078125 0.028125
0 0.71328125 0.37734375 0.015625 0.0265625
0 0.91953125 0.378125 0.0203125 0.028125
0 0.87890625 0.38125 0.0203125 0.03125
0 0.653125 0.3921875 0.0078125 0.025
0 0.09140625 0.4328125 0.021875 0.028125
0 0.23046875 0.44921875 0.025 0.0484375
0 0.40234375 0.4875 0.028125 0.0484375
0 0.3078125 0.50078125 0.025 0.0546875
1 0.15078125 0.56953125 0.0359375 0.0703125
0 0.5296875 0.59921875 0.0421875 0.0765625
0 0.35 0.65390625 0.0359375 0.0875