0 0.33046875 0.4359375 0.0125 0.021875
0 0.45703125 0.44921875 0.009375 0.0203125
1 0.303125 0.45546875 0.015625 0.0296875
1 0.2203125 0.46171875 0.015625 0.0296875
0 0.57109375 0.4640625 0.0109375 0.015625
1 0.1515625 0.46796875 0.01875 0.028125
0 0.4875 0.46796875 0.0125 0.0234375
0 0.5328125 0.46953125 0.0125 0.0234375
0 0.65703125 0.48984375 0.0109375 0.0203125
0 0.68671875 0.49140625 0.0109375 0.01875
1 0.31015625 0.50078125 0.015625 0.0375
1 0.37890625 0.5046875 0.015625 0.03125
4 0.23828125 0.51328125 0.01875 0.0328125
0 0.7015625 0.5265625 0.0125 0.0203125
0 0.73125 0.528125 0.0140625 0.028125
0 0.6765625 0.54453125 0.015625 0.034375
4 0.62421875 0.553125 0.01875 0.0296875
1 0.30859375 0.55625 0.0265625 0.0484375
0 0.43046875 0.58046875 0.0234375 0.0390625
1 0.16328125 0.58984375 0.028125 0.059375