0 0.58203125 0.33046875 0.0109375 0.0203125
0 0.54453125 0.33515625 0.0125 0.0265625
0 0.68203125 0.3359375 0.009375 0.021875
0 0.49765625 0.34296875 0.0125 0.0234375
0 0.63984375 0.346875 0.0140625 0.028125
0 0.92734375 0.37265625 0.01875 0.028125
0 0.73125 0.3734375 0.0125 0.03125
0 0.715625 0.37734375 0.015625 0.025
0 0.6359375 0.38828125 0.015625 0.028125
0 0.871875 0.3890625 0.0171875 0.0265625
0 0.8359375 0.41015625 0.01875 0.0328125
1 0.25234375 0.43671875 0.0234375 0.046875
0 0.309375 0.4390625 0.0234375 0.034375
1 0.0875 0.44609375 0.03125 0.0546875
0 0.4734375 0.45078125 0.0234375 0.0453125
1 0.40859375 0.484375 0.025 0.0484375
0 0.4890625 0.540625 0.0328125 0.075
0 0.29765625 0.55390625 0.03125 0.04375
1 0.12890625 0.5625 0.0359375 0.06875
0 0.359375 0.65546875 0.0390625 0.0953125