0 0.3828125 0.321875 0.0109375 0.0203125
0 0.325 0.33046875 0.009375 0.0234375
0 0.42578125 0.33203125 0.0125 0.0203125
0 0.459375 0.33828125 0.015625 0.021875
0 0.50546875 0.34765625 0.0140625 0.01875
0 0.3609375 0.3484375 0.0140625 0.028125
0 0.2125 0.35390625 0.0140625 0.0203125
0 0.16484375 0.37109375 0.0265625 0.0453125
0 0.24453125 0.37421875 0.0078125 0.028125
0 0.28671875 0.37734375 0.015625 0.0265625
0 0.08046875 0.378125 0.0203125 0.028125
0 0.12109375 0.38125 0.0203125 0.03125
0 0.346875 0.3921875 0.0078125 0.025
0 0.90859375 0.4328125 0.021875 0.028125
0 0.76953125 0.44921875 0.025 0.0484375
0 0.59765625 0.4875 0.028125 0.0484375
0 0.6921875 0.50078125 0.025 0.0546875
0 0.84921875 0.56953125 0.0359375 0.0703125
0 0.4703125 0.59921875 0.0421875 0.0765625
0 0.65 0.65390625 0.0359375 0.0875