0 0.31640625 0.33515625 0.0140625 0.03125
1 0.0875 0.36875 0.015625 0.0375
1 0.25 0.37421875 0.0171875 0.03125
0 0.121875 0.375 0.0171875 0.0359375
0 0.28828125 0.3796875 0.015625 0.0234375
1 0.35625 0.39375 0.015625 0.0359375
0 0.16015625 0.4078125 0.0234375 0.046875
0 0.68828125 0.425 0.021875 0.040625
0 0.90390625 0.43203125 0.025 0.0359375
0 0.75859375 0.44921875 0.0234375 0.05
0 0.528125 0.4546875 0.028125 0.0453125
1 0.92109375 0.465625 0.0265625 0.059375
0 0.58828125 0.49375 0.0234375 0.05
0 0.71328125 0.52578125 0.0328125 0.059375
1 0.48125 0.58515625 0.0359375 0.0890625
0 0.85703125 0.62109375 0.05 0.065625
0 0.06171875 0.65546875 0.040625 0.0828125
0 0.575 0.6765625 0.0328125 0.109375