0 0.31015625 0.33515625 0.015625 0.028125
0 0.34375 0.346875 0.015625 0.0234375
0 0.2484375 0.36875 0.0140625 0.0296875
0 0.071875 0.37890625 0.0203125 0.0328125
1 0.35625 0.390625 0.01875 0.03125
0 0.1640625 0.40234375 0.028125 0.040625
1 0.69453125 0.4140625 0.0234375 0.0421875
0 0.90546875 0.42578125 0.0265625 0.0375
0 0.75859375 0.44609375 0.0234375 0.0453125
0 0.52734375 0.4515625 0.025 0.0515625
1 0.9171875 0.46171875 0.0265625 0.05625
0 0.58828125 0.50625 0.0265625 0.0421875
0 0.71171875 0.5265625 0.03125 0.0546875
0 0.46640625 0.59140625 0.0515625 0.090625
0 0.85859375 0.63046875 0.04375 0.0625
1 0.59453125 0.68125 0.046875 0.109375
0 0.04296875 0.62834375 0.08146875 0.131703125