0 0.31640625 0.33359375 0.0140625 0.0265625
0 0.3609375 0.3375 0.015625 0.0265625
0 0.08203125 0.36953125 0.0171875 0.0328125
1 0.29453125 0.37578125 0.0140625 0.0296875
1 0.2546875 0.37734375 0.0140625 0.0375
0 0.13046875 0.39453125 0.0171875 0.0375
1 0.36328125 0.39453125 0.015625 0.034375
0 0.15546875 0.40625 0.021875 0.0421875
1 0.678125 0.4125 0.0203125 0.0421875
0 0.91015625 0.43125 0.0203125 0.0421875
0 0.76015625 0.4453125 0.021875 0.05
0 0.52421875 0.453125 0.0203125 0.05
1 0.9328125 0.4703125 0.0265625 0.0546875
1 0.59296875 0.48203125 0.025 0.0578125
0 0.71015625 0.53125 0.03125 0.0625
4 0.48046875 0.57734375 0.04375 0.0859375
1 0.875 0.5796875 0.0390625 0.084375
1 0.6515625 0.6796875 0.0484375 0.0984375
1 0.21640625 0.74921875 0.059375 0.0828125
0 0.497765625 0.33984375 0.02678125 0.036828125
0 0.459265625 0.335375 0.025671875 0.036828125
0 0.4296875 0.325328125 0.03571875 0.0390625
0 0.39509375 0.313609375 0.017859375 0.033484375