1 0.61875 0.5 0.0125 0.03125
1 0.68828125 0.5 0.015625 0.0375
1 0.75859375 0.51484375 0.0171875 0.034375
0 0.30078125 0.52109375 0.0171875 0.0328125
0 0.25546875 0.53046875 0.015625 0.03125
5 0.3265625 0.53984375 0.01875 0.034375
5 0.3953125 0.54140625 0.01875 0.0359375
1 0.68046875 0.56015625 0.0265625 0.0515625
0 0.55 0.57265625 0.0234375 0.0421875
1 0.84140625 0.61015625 0.028125 0.0578125
1 0.39518749999999997 0.541015625 0.01953125 0.040359374999999996
1 0.8463593749999999 0.4576875 0.020828125 0.037765625000000004
1 0.794265625 0.46028125 0.018234375 0.032546874999999996