0 0.32265625 0.33203125 0.01875 0.03125
1 0.365625 0.33984375 0.015625 0.034375
1 0.3 0.3703125 0.015625 0.034375
1 0.271875 0.371875 0.0125 0.0328125
1 0.3578125 0.39140625 0.015625 0.03125
1 0.13046875 0.4078125 0.0234375 0.04375
1 0.696875 0.41953125 0.025 0.0453125
1 0.53046875 0.4453125 0.0265625 0.0578125
0 0.7765625 0.45859375 0.0296875 0.0546875
1 0.94296875 0.47890625 0.0328125 0.0703125
0 0.5921875 0.48984375 0.028125 0.0515625
0 0.709375 0.55859375 0.0359375 0.0515625
1 0.86875 0.55859375 0.034375 0.0703125
0 0.4703125 0.57578125 0.0375 0.08125
0 0.6515625 0.67421875 0.0359375 0.11875