0 0.61484375 0.31640625 0.0125 0.0234375
0 0.678125 0.32421875 0.0140625 0.0234375
0 0.58046875 0.3296875 0.0125 0.0203125
0 0.5625 0.33671875 0.0125 0.0203125
0 0.5 0.34296875 0.0171875 0.0265625
0 0.64453125 0.35390625 0.015625 0.01875
0 0.79609375 0.36015625 0.0140625 0.0234375
0 0.921875 0.3765625 0.0203125 0.028125
0 0.75703125 0.37734375 0.015625 0.028125
0 0.71640625 0.37734375 0.015625 0.0234375
0 0.64765625 0.3921875 0.0140625 0.025
0 0.85703125 0.4125 0.0203125 0.034375
0 0.09140625 0.428125 0.021875 0.0359375
0 0.2390625 0.440625 0.0234375 0.0515625
0 0.39296875 0.478125 0.021875 0.0546875
6 0.309375 0.5453125 0.0671875 0.15
0 0.14921875 0.5390625 0.034375 0.065625
0 0.50859375 0.5484375 0.034375 0.075
0 0.296875 0.715625 0.04375 0.0703125