0 0.7015625 0.509375 0.0203125 0.0328125
5 0.38046875 0.553125 0.0203125 0.0328125
0 0.5640625 0.58359375 0.021875 0.0265625
0 0.6921875 0.5921875 0.025 0.04375
5 0.84140625 0.6125 0.0328125 0.05
1 0.7078125 0.4640625 0.0265625 0.040625
0 0.83984375 0.471875 0.0453125 0.0453125
0 0.67265625 0.43046875 0.0328125 0.0296875
0 0.78203125 0.4640625 0.0328125 0.0265625
1 0.2734375 0.53984375 0.0390625 0.0265625
0 0.31015625 0.53203125 0.034375 0.05
0 0.46640625 0.47265625 0.0265625 0.025
0 0.43203125 0.49453125 0.025 0.0296875
0 0.625 0.50546875 0.034375 0.0484375