1 0.3203125 0.33203125 0.01875 0.0296875
1 0.26640625 0.37421875 0.015625 0.03125
1 0.2890625 0.37578125 0.0171875 0.034375
0 0.12109375 0.38125 0.0203125 0.0328125
1 0.16640625 0.39765625 0.0234375 0.0421875
0 0.6984375 0.415625 0.0203125 0.0453125
0 0.9078125 0.428125 0.021875 0.0375
0 0.7640625 0.440625 0.0234375 0.046875
0 0.53125 0.45 0.025 0.0546875
1 0.94609375 0.48203125 0.028125 0.0546875
0 0.58984375 0.4921875 0.0265625 0.0515625
0 0.709375 0.5203125 0.0296875 0.0546875
5 0.86171875 0.56640625 0.040625 0.0734375
0 0.47265625 0.578125 0.04375 0.0890625
1 0.109375 0.60625 0.0375 0.0859375
1 0.6546875 0.6640625 0.040625 0.1046875