1 0.39765625 0.31640625 0.0109375 0.01875
0 0.4265625 0.3296875 0.0140625 0.0203125
0 0.3171875 0.33515625 0.0125 0.0234375
1 0.45625 0.3359375 0.0109375 0.021875
0 0.34765625 0.3390625 0.0140625 0.03125
1 0.49765625 0.340625 0.0125 0.0265625
1 0.23203125 0.3515625 0.015625 0.025
1 0.27109375 0.36875 0.0125 0.0296875
1 0.08671875 0.37109375 0.0140625 0.03125
0 0.2953125 0.37421875 0.015625 0.03125
1 0.13203125 0.38671875 0.015625 0.0328125
1 0.359375 0.39453125 0.0125 0.0265625
0 0.15234375 0.409375 0.0171875 0.0359375
1 0.6859375 0.41484375 0.0203125 0.04375
1 0.90625 0.41640625 0.021875 0.0390625
0 0.5265625 0.4515625 0.0234375 0.0515625
0 0.7640625 0.453125 0.0234375 0.0453125
0 0.92265625 0.4609375 0.0265625 0.05
0 0.59609375 0.49375 0.0265625 0.0484375
0 0.75078125 0.534375 0.025 0.0546875
1 0.453125 0.56640625 0.0359375 0.0828125
1 0.85078125 0.57421875 0.0359375 0.071875
0 0.65 0.6671875 0.0375 0.09375
1 0.2375 0.71796875 0.0375 0.0625