1 0.2453125 0.375 0.0125 0.0296875
1 0.2953125 0.37734375 0.015625 0.0328125
1 0.13125 0.38203125 0.021875 0.0359375
1 0.3578125 0.390625 0.015625 0.0296875
0 0.16953125 0.40078125 0.0234375 0.0453125
1 0.69921875 0.41171875 0.025 0.0515625
1 0.74921875 0.4421875 0.028125 0.053125
0 0.525 0.4546875 0.03125 0.05625
1 0.89453125 0.48359375 0.03125 0.059375
1 0.59296875 0.48828125 0.0265625 0.0546875
0 0.7015625 0.5546875 0.0359375 0.0578125
1 0.87109375 0.5625 0.034375 0.075
0 0.48203125 0.56484375 0.0453125 0.0859375
0 0.653125 0.665625 0.0390625 0.1046875