0 0.67421875 0.32421875 0.015625 0.025
0 0.57890625 0.328125 0.0140625 0.0234375
0 0.60390625 0.3296875 0.0140625 0.021875
0 0.54296875 0.3359375 0.0125 0.0234375
0 0.640625 0.34375 0.0171875 0.028125
0 0.49296875 0.34765625 0.015625 0.0296875
1 0.7046875 0.37265625 0.015625 0.0328125
0 0.92734375 0.37421875 0.0203125 0.034375
0 0.75078125 0.3828125 0.0140625 0.0328125
0 0.8703125 0.384375 0.01875 0.0328125
1 0.6421875 0.39296875 0.0140625 0.025
0 0.82890625 0.3984375 0.0171875 0.0328125
1 0.3125 0.41015625 0.01875 0.0375
0 0.0921875 0.421875 0.01875 0.0390625
0 0.23515625 0.43984375 0.0234375 0.046875
1 0.0765625 0.45625 0.025 0.053125
1 0.490625 0.45703125 0.0171875 0.04375
0 0.4109375 0.50859375 0.0265625 0.0421875
1 0.49609375 0.534375 0.0296875 0.06875
0 0.28984375 0.55546875 0.03125 0.0453125
1 0.140625 0.57890625 0.0375 0.06875
1 0.88359375 0.6171875 0.0328125 0.0796875
4 0.39453125 0.68359375 0.04375 0.0984375
1 0.77890625 0.76796875 0.0421875 0.0625