0 0.91875 0.37421875 0.021875 0.0359375
1 0.7078125 0.375 0.01875 0.034375
0 0.64921875 0.39765625 0.015625 0.028125
0 0.86953125 0.40703125 0.0265625 0.0375
1 0.3078125 0.409375 0.0234375 0.04375
0 0.2140625 0.45 0.0265625 0.0453125
1 0.09453125 0.45390625 0.03125 0.0546875
0 0.3984375 0.496875 0.0328125 0.053125
0 0.5265625 0.59921875 0.0453125 0.0765625
0 0.14765625 0.6109375 0.0390625 0.065625
1 0.89453125 0.6203125 0.04375 0.096875
0 0.37578125 0.67265625 0.0515625 0.096875
0 0.48828125 0.445875 0.047984375 0.056921875