0 0.74375 0.3796875 0.0171875 0.0265625
0 0.915625 0.38125 0.0203125 0.0265625
0 0.64140625 0.39609375 0.015625 0.03125
0 0.86484375 0.4140625 0.025 0.0375
1 0.30703125 0.41484375 0.01875 0.04375
1 0.09375 0.41953125 0.01875 0.0375
1 0.240625 0.4375 0.0203125 0.046875
1 0.0671875 0.4671875 0.0265625 0.059375
0 0.40859375 0.4890625 0.0265625 0.0515625
0 0.28671875 0.53125 0.028125 0.0515625
0 0.4953125 0.5734375 0.0375 0.08125
1 0.13671875 0.58984375 0.0375 0.0828125
0 0.34921875 0.665625 0.04375 0.0984375
0 0.98125 0.665625 0.0375 0.0796875
1 0.7625 0.71640625 0.128125 0.15625
0 0.50546875 0.34609375 0.025 0.05625
0 0.53515625 0.33203125 0.03125 0.0625
0 0.6109375 0.31875 0.0234375 0.0328125
0 0.6484375 0.3453125 0.0328125 0.0484375
1 0.6796875 0.32734375 0.01875 0.0453125
0 0.76640625 0.35390625 0.0328125 0.05