1 0.31796875 0.33203125 0.0109375 0.0296875
0 0.35546875 0.33515625 0.0203125 0.0328125
1 0.26953125 0.36796875 0.015625 0.028125
1 0.29140625 0.37421875 0.015625 0.0265625
1 0.0734375 0.37578125 0.0234375 0.0296875
1 0.13125 0.3859375 0.01875 0.0375
1 0.3578125 0.39140625 0.015625 0.0265625
1 0.1796875 0.40546875 0.0203125 0.040625
1 0.69609375 0.4078125 0.01875 0.0484375
1 0.90625 0.41953125 0.021875 0.0375
1 0.75625 0.43984375 0.0234375 0.04375
1 0.5390625 0.44921875 0.021875 0.0546875
1 0.89140625 0.4625 0.0265625 0.053125
0 0.5890625 0.496875 0.0203125 0.05
0 0.7140625 0.52734375 0.0296875 0.0625
0 0.490625 0.55859375 0.034375 0.071875
1 0.84296875 0.57578125 0.0328125 0.071875
1 0.1203125 0.6171875 0.0390625 0.0890625
1 0.62890625 0.67109375 0.040625 0.1078125
1 0.2265625 0.7734375 0.040625 0.0640625