0 0.0796875 0.37265625 0.0203125 0.03125
0 0.29921875 0.375 0.015625 0.0296875
0 0.35703125 0.39375 0.0125 0.0296875
0 0.128125 0.4078125 0.01875 0.0328125
0 0.6921875 0.41015625 0.0234375 0.0484375
1 0.75703125 0.43671875 0.021875 0.0453125
1 0.9171875 0.44453125 0.0296875 0.0515625
0 0.540625 0.44765625 0.025 0.0546875
0 0.5953125 0.48203125 0.025 0.05
0 0.7125 0.5140625 0.028125 0.05625
1 0.4546875 0.5484375 0.040625 0.0890625
0 0.8890625 0.6265625 0.0421875 0.0671875
1 0.6453125 0.65390625 0.0390625 0.0984375
0 0.364390625 0.334265625 0.02790625 0.0390625
0 0.30525 0.335375 0.03459375 0.036828125
4 0.236609375 0.350453125 0.022328124999999997 0.040171875
4 0.48939062499999997 0.348765625 0.0234375 0.045765625