1 0.32578125 0.325 0.015625 0.028125
0 0.2640625 0.375 0.015625 0.0328125
1 0.29921875 0.37734375 0.015625 0.0296875
1 0.08046875 0.37890625 0.0171875 0.0328125
1 0.35859375 0.390625 0.0140625 0.0296875
0 0.16484375 0.40546875 0.021875 0.0390625
0 0.68359375 0.4234375 0.0265625 0.040625
0 0.90859375 0.43125 0.021875 0.0359375
0 0.525 0.45234375 0.025 0.0484375
0 0.74453125 0.46171875 0.0234375 0.0421875
1 0.93828125 0.47421875 0.0296875 0.0609375
0 0.5953125 0.4921875 0.025 0.05625
0 0.71484375 0.52265625 0.03125 0.0625
1 0.859375 0.54140625 0.040625 0.071875
0 0.4734375 0.57578125 0.040625 0.075
0 0.65390625 0.66640625 0.0375 0.0984375
1 0.4641875 0.33203125 0.01953125 0.033859375000000004
1 0.4329375 0.32878124999999997 0.01953125 0.03515625
0 0.5 0.34309375000000003 0.018234375 0.037765625000000004