0 0.38515625 0.31640625 0.0125 0.0234375
0 0.321875 0.32421875 0.0140625 0.0234375
0 0.41953125 0.3296875 0.0125 0.0203125
0 0.4375 0.33671875 0.0125 0.0203125
0 0.5 0.34296875 0.0171875 0.0265625
0 0.35546875 0.35390625 0.015625 0.01875
0 0.20390625 0.36015625 0.0140625 0.0234375
0 0.078125 0.3765625 0.0203125 0.028125
0 0.24296875 0.37734375 0.015625 0.028125
0 0.28359375 0.37734375 0.015625 0.0234375
0 0.35234375 0.3921875 0.0140625 0.025
0 0.14296875 0.4125 0.0203125 0.034375
0 0.90859375 0.428125 0.021875 0.0359375
0 0.7609375 0.440625 0.0234375 0.0515625
0 0.60703125 0.478125 0.021875 0.0546875
0 0.7125 0.5015625 0.0234375 0.0625
0 0.85078125 0.5390625 0.034375 0.065625
0 0.49140625 0.5484375 0.034375 0.075
0 0.703125 0.715625 0.04375 0.0703125