0 0.43203125 0.33125 0.0109375 0.01875
0 0.31796875 0.33515625 0.0125 0.021875
1 0.45625 0.3359375 0.0109375 0.021875
1 0.36015625 0.34765625 0.0125 0.025
0 0.49765625 0.3515625 0.0125 0.01875
1 0.2953125 0.375 0.0125 0.0296875
0 0.25390625 0.37734375 0.0109375 0.0265625
1 0.1296875 0.3828125 0.0140625 0.03125
1 0.3578125 0.39140625 0.0125 0.0234375
0 0.16875 0.40546875 0.015625 0.0375
1 0.68671875 0.40859375 0.021875 0.04375
0 0.7546875 0.4515625 0.0234375 0.05
0 0.5234375 0.4546875 0.028125 0.046875
1 0.88984375 0.4625 0.025 0.0515625
0 0.590625 0.50390625 0.0203125 0.0546875
0 0.7 0.55703125 0.0296875 0.046875
1 0.86875 0.56875 0.03125 0.0671875
0 0.47421875 0.58515625 0.046875 0.075
1 0.62734375 0.6984375 0.040625 0.096875