0 0.66953125 0.4359375 0.0125 0.021875
0 0.54296875 0.44921875 0.009375 0.0203125
1 0.696875 0.45546875 0.015625 0.0296875
1 0.7796875 0.46171875 0.015625 0.0296875
0 0.42890625 0.4640625 0.0109375 0.015625
1 0.8484375 0.46796875 0.01875 0.028125
0 0.5125 0.46796875 0.0125 0.0234375
0 0.4671875 0.46953125 0.0125 0.0234375
0 0.34296875 0.48984375 0.0109375 0.0203125
0 0.31328125 0.49140625 0.0109375 0.01875
1 0.68984375 0.50078125 0.015625 0.0375
1 0.62109375 0.5046875 0.015625 0.03125
4 0.76171875 0.51328125 0.01875 0.0328125
0 0.2984375 0.5265625 0.0125 0.0203125
0 0.26875 0.528125 0.0140625 0.028125
0 0.3234375 0.54453125 0.015625 0.034375
4 0.37578125 0.553125 0.01875 0.0296875
1 0.69140625 0.55625 0.0265625 0.0484375
0 0.56953125 0.58046875 0.0234375 0.0390625
1 0.83671875 0.58984375 0.028125 0.059375