4 0.60078125 0.31328125 0.0140625 0.0359375
1 0.68359375 0.328125 0.0171875 0.03125
0 0.653125 0.3421875 0.01875 0.0359375
1 0.90703125 0.3703125 0.0265625 0.04375
0 0.6984375 0.375 0.01875 0.034375
0 0.8671875 0.37890625 0.025 0.04375
0 0.6375 0.3953125 0.01875 0.0328125
0 0.85078125 0.40625 0.03125 0.0484375
1 0.315625 0.41328125 0.0234375 0.0453125
0 0.090625 0.421875 0.0265625 0.0453125
1 0.23828125 0.43046875 0.0265625 0.05625
0 0.47109375 0.4515625 0.028125 0.053125
1 0.078125 0.46015625 0.03125 0.059375
0 0.4078125 0.48828125 0.03125 0.0609375
0 0.2875 0.521875 0.0359375 0.0703125
0 0.50078125 0.53984375 0.04375 0.0984375
0 0.1359375 0.57890625 0.04375 0.0828125
0 0.96640625 0.64453125 0.0671875 0.09375
4 0.346875 0.6625 0.0453125 0.1015625
1 0.7859375 0.7515625 0.075 0.0984375