0 0.09765625 0.37734375 0.01875 0.034375
0 0.25546875 0.38125 0.0109375 0.028125
1 0.3578125 0.39296875 0.0125 0.025
0 0.13671875 0.39375 0.0203125 0.034375
0 0.16796875 0.396875 0.0140625 0.040625
1 0.6921875 0.4078125 0.0234375 0.0390625
1 0.759375 0.43125 0.0203125 0.046875
0 0.9046875 0.43359375 0.01875 0.0328125
0 0.5375 0.4640625 0.025 0.0453125
0 0.578125 0.48125 0.0203125 0.0484375
1 0.9453125 0.4828125 0.0265625 0.0484375
0 0.50390625 0.5671875 0.0328125 0.078125
1 0.85390625 0.57734375 0.040625 0.0703125
0 0.6640625 0.665625 0.0421875 0.109375
0 0.0359375 0.6515625 0.071875 0.1359375
5 0.71484375 0.53984375 0.0328125 0.05