0 0.65390625 0.340625 0.015625 0.0359375
1 0.91171875 0.371875 0.021875 0.0421875
1 0.74765625 0.371875 0.0140625 0.03125
1 0.7109375 0.3765625 0.015625 0.03125
0 0.871875 0.3875 0.021875 0.0375
0 0.8359375 0.40625 0.0234375 0.0390625
0 0.309375 0.41640625 0.0265625 0.05
0 0.09453125 0.42265625 0.025 0.046875
1 0.24609375 0.43203125 0.0265625 0.05625
0 0.47109375 0.446875 0.028125 0.053125
1 0.11015625 0.496875 0.03125 0.059375
5 0.40234375 0.509375 0.0296875 0.05
0 0.28671875 0.52421875 0.03125 0.0546875
1 0.13984375 0.5671875 0.0453125 0.0796875
0 0.496875 0.571875 0.0421875 0.0828125
0 0.965625 0.6546875 0.0515625 0.078125
0 0.3390625 0.6734375 0.0453125 0.1015625