0 0.74375 0.3796875 0.0171875 0.0265625
0 0.915625 0.38125 0.0203125 0.0265625
0 0.64140625 0.39609375 0.015625 0.03125
0 0.86484375 0.4140625 0.025 0.0375
1 0.30703125 0.41484375 0.01875 0.04375
1 0.09375 0.41953125 0.01875 0.0375
1 0.240625 0.4375 0.0203125 0.046875
1 0.0671875 0.4671875 0.0265625 0.059375
0 0.40859375 0.4890625 0.0265625 0.0515625
0 0.28671875 0.53125 0.028125 0.0515625
0 0.4953125 0.5734375 0.0375 0.08125
1 0.13671875 0.58984375 0.0375 0.0828125
0 0.34921875 0.665625 0.04375 0.0984375
0 0.98125 0.665625 0.0375 0.0796875
1 0.76215625 0.7160624999999999 0.12846875 0.156671875
0 0.50578125 0.3461875 0.025468750000000002 0.055781250000000004
0 0.535015625 0.332296875 0.031828125 0.062734375
0 0.610828125 0.3186875 0.023734375 0.032046875
0 0.648734375 0.345609375 0.0335625 0.0476875
1 0.679390625 0.327078125 0.018515625 0.045359375
0 0.76678125 0.353703125 0.0335625 0.05