0 0.65078125 0.484375 0.0140625 0.025
0 0.70859375 0.49609375 0.0140625 0.0265625
0 0.309375 0.50078125 0.0203125 0.0421875
1 0.3796875 0.50390625 0.015625 0.034375
1 0.2421875 0.51640625 0.021875 0.0359375
0 0.69609375 0.5234375 0.0203125 0.0375
1 0.30390625 0.56015625 0.0296875 0.059375
0 0.4265625 0.578125 0.025 0.0375
5 0.1609375 0.59921875 0.0328125 0.059375
0 0.1578125 0.59375 0.0515625 0.075
1 0.1546875 0.46328125 0.0359375 0.0390625
1 0.228125 0.465625 0.021875 0.0375
0 0.48671875 0.4546875 0.0328125 0.0296875
0 0.29609375 0.45625 0.0359375 0.0359375
0 0.18203125 0.43671875 0.034375 0.028125
1 0.45234375 0.440625 0.0234375 0.025
1 0.534375 0.4546875 0.0328125 0.0296875
1 0.77734375 0.52265625 0.0203125 0.0265625
1 0.565625 0.46328125 0.0140625 0.01875