0 0.68125 0.33359375 0.0171875 0.0328125
1 0.90859375 0.36796875 0.0234375 0.0453125
1 0.746875 0.36953125 0.015625 0.0328125
1 0.7015625 0.375 0.01875 0.0328125
1 0.86640625 0.384375 0.021875 0.046875
0 0.63984375 0.39296875 0.01875 0.0296875
0 0.84140625 0.40234375 0.03125 0.04375
1 0.31796875 0.4078125 0.025 0.05625
0 0.09140625 0.4234375 0.0234375 0.05
1 0.23125 0.4375 0.028125 0.0609375
0 0.47421875 0.45703125 0.0265625 0.05625
1 0.06796875 0.46875 0.0296875 0.0625
1 0.40390625 0.47578125 0.028125 0.0609375
0 0.28828125 0.52265625 0.03125 0.0625
0 0.52421875 0.575 0.0390625 0.0875
1 0.13671875 0.5796875 0.0421875 0.0859375
1 0.35234375 0.6640625 0.04375 0.1125
5 0.784375 0.75625 0.059375 0.096875
0 0.54375 0.32734375 0.025 0.0421875
0 0.49921875 0.3375 0.0328125 0.040625
0 0.6109375 0.315625 0.025 0.0328125
0 0.575 0.3203125 0.0203125 0.0375