0 0.56796875 0.32109375 0.0125 0.028125
0 0.61328125 0.3234375 0.0140625 0.0234375
0 0.54921875 0.33671875 0.015625 0.028125
0 0.67421875 0.34765625 0.015625 0.028125
0 0.64296875 0.35078125 0.015625 0.0296875
0 0.5 0.35078125 0.0171875 0.0296875
0 0.7890625 0.35546875 0.0171875 0.028125
0 0.76171875 0.375 0.01875 0.034375
0 0.9171875 0.37578125 0.021875 0.0359375
0 0.86953125 0.37734375 0.01875 0.0359375
0 0.71796875 0.3828125 0.0171875 0.0390625
0 0.64765625 0.39609375 0.015625 0.0328125
0 0.85 0.40234375 0.0171875 0.040625
0 0.23125 0.440625 0.028125 0.05625
0 0.09921875 0.459375 0.03125 0.059375
0 0.4015625 0.49453125 0.034375 0.0515625
0 0.28671875 0.5203125 0.0328125 0.0625
0 0.14453125 0.571875 0.0421875 0.0625
0 0.5375 0.603125 0.046875 0.08125
0 0.425 0.628125 0.0484375 0.09375