0 0.68359375 0.33203125 0.0171875 0.0296875
0 0.7484375 0.36875 0.015625 0.0328125
1 0.70390625 0.37578125 0.0171875 0.0359375
0 0.87109375 0.38984375 0.0171875 0.040625
1 0.63984375 0.39296875 0.0140625 0.03125
1 0.31484375 0.409375 0.0234375 0.05
0 0.85546875 0.4109375 0.0265625 0.0390625
0 0.09140625 0.42734375 0.021875 0.0453125
1 0.24375 0.4296875 0.0265625 0.053125
0 0.47421875 0.453125 0.028125 0.0515625
1 0.06875 0.46796875 0.0296875 0.0578125
1 0.40625 0.48515625 0.0265625 0.0546875
0 0.2890625 0.51796875 0.0328125 0.0671875
0 0.4953125 0.55703125 0.0375 0.0796875
1 0.13203125 0.5671875 0.040625 0.08125
0 0.35 0.68984375 0.053125 0.1015625
1 0.78359375 0.7484375 0.05 0.071875