0 0.29765625 0.3234375 0.015625 0.0265625
0 0.4234375 0.33046875 0.0125 0.0234375
0 0.4453125 0.33515625 0.0125 0.0234375
0 0.5046875 0.34765625 0.0140625 0.025
0 0.2125 0.35078125 0.0140625 0.021875
0 0.359375 0.35078125 0.0140625 0.025
0 0.096875 0.359375 0.01875 0.0359375
0 0.2515625 0.371875 0.015625 0.0265625
0 0.2890625 0.3796875 0.015625 0.0296875
0 0.35078125 0.396875 0.0125 0.0265625
0 0.91015625 0.43046875 0.0203125 0.0375
0 0.76171875 0.44609375 0.0234375 0.0515625
0 0.6 0.4828125 0.025 0.046875
0 0.72265625 0.4953125 0.0265625 0.0625
0 0.85703125 0.57734375 0.034375 0.059375
0 0.45859375 0.58359375 0.0390625 0.071875
0 0.65390625 0.65546875 0.040625 0.090625