0 0.3203125 0.334375 0.015625 0.0234375
1 0.3484375 0.33828125 0.015625 0.03125
0 0.25078125 0.375 0.0171875 0.03125
0 0.08828125 0.37578125 0.021875 0.0375
0 0.28984375 0.3765625 0.0171875 0.03125
0 0.134375 0.3875 0.0234375 0.0375
0 0.165625 0.4078125 0.028125 0.04375
1 0.69453125 0.41484375 0.0234375 0.0453125
0 0.90703125 0.4265625 0.0203125 0.034375
0 0.76328125 0.4484375 0.025 0.0453125
5 0.52734375 0.4515625 0.025 0.053125
0 0.90859375 0.48125 0.028125 0.05625
1 0.5921875 0.48984375 0.025 0.0546875
0 0.71328125 0.52890625 0.0296875 0.0609375
0 0.84765625 0.584375 0.04375 0.075
0 0.46171875 0.609375 0.04375 0.078125
0 0.1046875 0.6296875 0.0453125 0.0828125
0 0.6625 0.6765625 0.0484375 0.1015625