0 0.3875 0.32109375 0.0125 0.021875
0 0.31875 0.328125 0.015625 0.0296875
0 0.434375 0.3296875 0.0140625 0.0265625
0 0.45546875 0.3375 0.0140625 0.021875
0 0.3609375 0.3453125 0.015625 0.0359375
0 0.4984375 0.34921875 0.015625 0.03125
0 0.240625 0.37421875 0.015625 0.034375
0 0.12734375 0.378125 0.0203125 0.034375
0 0.28125 0.38203125 0.0171875 0.0296875
0 0.08046875 0.38984375 0.025 0.0375
0 0.3515625 0.3953125 0.0140625 0.03125
0 0.1609375 0.39609375 0.0234375 0.040625
0 0.90859375 0.41953125 0.0234375 0.0453125
0 0.7671875 0.440625 0.028125 0.06875
0 0.9484375 0.4609375 0.0375 0.0609375
0 0.596875 0.48828125 0.028125 0.05625
0 0.71953125 0.50234375 0.0359375 0.0640625
0 0.8469218749999999 0.552171875 0.026671875 0.060078125
0 0.47709375 0.5819375 0.032296875 0.06771875000000001
0 0.64696875 0.658640625 0.02865625 0.07996875