0 0.73671875 0.3734375 0.0140625 0.0296875
0 0.8703125 0.3796875 0.0203125 0.034375
1 0.64453125 0.38984375 0.0140625 0.028125
0 0.83671875 0.4 0.021875 0.0390625
1 0.303125 0.4171875 0.0203125 0.040625
1 0.09453125 0.42265625 0.021875 0.04375
0 0.47109375 0.453125 0.0265625 0.046875
0 0.2515625 0.4625 0.0203125 0.0375
1 0.05234375 0.4796875 0.0296875 0.053125
0 0.4140625 0.50234375 0.0265625 0.04375
0 0.28515625 0.5234375 0.0296875 0.0515625
1 0.503125 0.5328125 0.0328125 0.075
1 0.1484375 0.578125 0.0390625 0.0765625
1 0.8890625 0.6203125 0.034375 0.08125
1 0.35 0.6546875 0.0359375 0.1