1 0.42734375 0.325 0.0125 0.0234375
0 0.31953125 0.3328125 0.0140625 0.0234375
1 0.4578125 0.33671875 0.0125 0.021875
1 0.3484375 0.34296875 0.015625 0.03125
1 0.09140625 0.3734375 0.0140625 0.03125
1 0.28984375 0.3765625 0.015625 0.0296875
0 0.125 0.38203125 0.01875 0.028125
0 0.165625 0.403125 0.0203125 0.0390625
1 0.69453125 0.41640625 0.021875 0.040625
4 0.90546875 0.42734375 0.021875 0.03125
4 0.75625 0.434375 0.0265625 0.046875
0 0.52890625 0.45625 0.0265625 0.0453125
1 0.92890625 0.4671875 0.03125 0.0515625
4 0.5953125 0.50703125 0.025 0.0484375
0 0.71171875 0.5265625 0.03125 0.0546875
4 0.5046875 0.559375 0.0375 0.08125
0 0.85234375 0.60859375 0.040625 0.065625
1 0.646875 0.63125 0.0390625 0.10625
0 0.0390625 0.6484375 0.04375 0.08125