1 0.0890625 0.37109375 0.0171875 0.034375
1 0.29765625 0.37578125 0.015625 0.03125
0 0.25625 0.37734375 0.015625 0.028125
1 0.10859375 0.384375 0.01875 0.034375
0 0.35234375 0.39453125 0.0140625 0.025
0 0.13515625 0.41171875 0.028125 0.0390625
0 0.69140625 0.41875 0.025 0.0421875
0 0.90859375 0.42578125 0.021875 0.0421875
1 0.7625 0.4328125 0.0296875 0.05
0 0.51875 0.4515625 0.028125 0.05625
1 0.940625 0.47578125 0.0328125 0.0625
0 0.61015625 0.49765625 0.0265625 0.0578125
1 0.7078125 0.521875 0.028125 0.05625
1 0.50078125 0.54140625 0.0359375 0.0828125
1 0.83125 0.56796875 0.03125 0.0671875
0 0.66953125 0.7546875 0.05 0.0984375
0 0.4984375 0.3390625 0.03125 0.0453125
0 0.328125 0.31875 0.028125 0.034375
0 0.35390625 0.33671875 0.0203125 0.0375
0 0.43203125 0.32421875 0.0171875 0.0359375