4 0.3234375 0.32890625 0.015625 0.0265625
0 0.34609375 0.34140625 0.015625 0.0265625
1 0.27109375 0.37421875 0.015625 0.0359375
1 0.29140625 0.375 0.0171875 0.0328125
1 0.07109375 0.37578125 0.021875 0.03125
1 0.35859375 0.3921875 0.0171875 0.0296875
4 0.69765625 0.40859375 0.021875 0.04375
4 0.76953125 0.4484375 0.0265625 0.0453125
1 0.53828125 0.45234375 0.025 0.053125
1 0.8921875 0.46484375 0.028125 0.059375
0 0.628125 0.51796875 0.025 0.059375
0 0.71171875 0.521875 0.03125 0.0625
1 0.4953125 0.5375 0.0421875 0.0859375
1 0.85703125 0.57421875 0.0421875 0.071875
4 0.11015625 0.6328125 0.04375 0.0890625
1 0.59140625 0.690625 0.0453125 0.1046875
1 0.4485 0.33228125 0.021984375 0.034937499999999996
1 0.6985 0.3994375 0.028937499999999998 0.072015625
1 0.7633125 0.43590625000000005 0.040515625 0.075515625
0 0.506359375 0.34357812499999996 0.026625 0.047109374999999995
0 0.112265625 0.615921875 0.0648125 0.116109375
0 0.22945312499999998 0.738359375 0.101265625 0.16999999999999998