1 0.73125 0.3734375 0.0140625 0.0328125
1 0.7046875 0.37578125 0.0171875 0.034375
0 0.92109375 0.37890625 0.0265625 0.0375
0 0.86796875 0.38359375 0.025 0.0390625
1 0.6421875 0.390625 0.015625 0.0328125
0 0.82734375 0.40625 0.025 0.0453125
1 0.3109375 0.4109375 0.025 0.059375
1 0.2421875 0.440625 0.0265625 0.0515625
0 0.478125 0.4546875 0.025 0.0546875
1 0.0984375 0.4703125 0.0328125 0.0609375
1 0.4140625 0.4921875 0.028125 0.0578125
0 0.3015625 0.55 0.034375 0.0578125
1 0.13203125 0.56484375 0.040625 0.0703125
0 0.52109375 0.5765625 0.0421875 0.0890625
0 0.39296875 0.675 0.0484375 0.109375
0 0.681140625 0.321296875 0.028937499999999998 0.054625
0 0.502609375 0.344734375 0.0225625 0.03553125
1 0.543984375 0.3288125 0.025468750000000002 0.048828125
1 0.570609375 0.325921875 0.023140625 0.043046875
1 0.640625 0.342703125 0.017359375 0.041890625