1 0.73125 0.3734375 0.0109375 0.03125
1 0.71015625 0.375 0.015625 0.03125
1 0.86953125 0.38125 0.021875 0.0390625
1 0.6421875 0.38359375 0.015625 0.0328125
0 0.834375 0.39453125 0.028125 0.0484375
1 0.30078125 0.4125 0.021875 0.0390625
1 0.09296875 0.4234375 0.0234375 0.040625
1 0.2515625 0.43046875 0.0234375 0.0484375
1 0.4765625 0.44609375 0.0234375 0.0515625
1 0.05390625 0.47421875 0.028125 0.05625
0 0.41015625 0.4953125 0.0265625 0.05
1 0.30703125 0.5125 0.028125 0.0609375
0 0.528125 0.5640625 0.0515625 0.0890625
1 0.146875 0.5734375 0.0390625 0.0765625
1 0.88359375 0.61328125 0.0421875 0.09375
1 0.34453125 0.6859375 0.0421875 0.096875