1 0.27109375 0.37109375 0.01875 0.034375
1 0.08984375 0.37734375 0.021875 0.03125
0 0.13125 0.38828125 0.0203125 0.03125
0 0.35546875 0.39375 0.0140625 0.0328125
0 0.1703125 0.39609375 0.025 0.0421875
1 0.69296875 0.4109375 0.028125 0.0515625
0 0.90859375 0.421875 0.025 0.0484375
1 0.52578125 0.44765625 0.0265625 0.05
0 0.77265625 0.45078125 0.0265625 0.059375
1 0.8953125 0.46484375 0.03125 0.059375
0 0.58828125 0.49375 0.028125 0.046875
0 0.71640625 0.5203125 0.0359375 0.05625
1 0.5078125 0.5328125 0.0421875 0.08125
5 0.86171875 0.58984375 0.0421875 0.06875
0 0.11015625 0.625 0.0546875 0.1015625
0 0.2296875 0.77265625 0.053125 0.08125
0 0.66015625 0.66471875 0.046875 0.100265625
0 0.31965625000000003 0.32942187500000003 0.01953125 0.033859375000000004
0 0.345703125 0.33723437500000003 0.016921875 0.0390625
1 0.425125 0.32160937500000003 0.016921875 0.036453124999999996
1 0.458984375 0.33332812500000003 0.014328125 0.036453124999999996