1 0.6703125 0.4328125 0.0125 0.021875
0 0.54375 0.44140625 0.0109375 0.028125
1 0.51328125 0.459375 0.0125 0.0234375
1 0.86015625 0.46328125 0.01875 0.0328125
1 0.6921875 0.50078125 0.015625 0.0421875
1 0.621875 0.50234375 0.015625 0.034375
1 0.76484375 0.50703125 0.0203125 0.0375
1 0.2609375 0.52734375 0.0140625 0.03125
1 0.29609375 0.53359375 0.01875 0.03125
0 0.3984375 0.5375 0.0171875 0.0390625
0 0.32109375 0.54375 0.021875 0.03125
1 0.6953125 0.5671875 0.0328125 0.0578125
1 0.575 0.57265625 0.0328125 0.046875
1 0.846875 0.590625 0.034375 0.0640625