0 0.90703125 0.37578125 0.01875 0.0390625
1 0.70625 0.37578125 0.015625 0.03125
0 0.86953125 0.38359375 0.0203125 0.0390625
0 0.85234375 0.4078125 0.0296875 0.0484375
0 0.09296875 0.4203125 0.0265625 0.0453125
5 0.3046875 0.4265625 0.025 0.0484375
0 0.23046875 0.44296875 0.025 0.046875
0 0.471875 0.4484375 0.0265625 0.05625
0 0.09453125 0.48359375 0.0296875 0.0640625
0 0.4109375 0.49609375 0.025 0.0484375
0 0.28359375 0.53359375 0.034375 0.0578125
1 0.1421875 0.5671875 0.0390625 0.0703125
1 0.8921875 0.6125 0.0359375 0.0859375
0 0.54609375 0.61484375 0.04375 0.078125
5 0.33984375 0.6671875 0.0453125 0.09375
1 0.771875 0.76328125 0.0515625 0.0734375
0 0.653640625 0.33723437500000003 0.015625 0.0390625
0 0.681640625 0.33073437499999997 0.02734375 0.036453124999999996