0 0.65078125 0.484375 0.0140625 0.025
0 0.70859375 0.49609375 0.0140625 0.0265625
0 0.309375 0.50078125 0.0203125 0.0421875
1 0.3796875 0.50390625 0.015625 0.034375
1 0.2421875 0.51640625 0.021875 0.0359375
0 0.69609375 0.5234375 0.0203125 0.0375
1 0.30390625 0.56015625 0.0296875 0.059375
0 0.4265625 0.578125 0.025 0.0375
4 0.1609375 0.59921875 0.0328125 0.059375
0 0.157984375 0.593640625 0.052078124999999996 0.075
1 0.154796875 0.463109375 0.035296875 0.039640625
1 0.228296875 0.465421875 0.0225625 0.0373125
0 0.486984375 0.454421875 0.032984374999999996 0.029218749999999998
0 0.29571875 0.455875 0.035875000000000004 0.035578125
0 0.182 0.43646874999999996 0.034140625 0.028046875
1 0.452546875 0.440234375 0.023140625 0.02515625
1 0.534140625 0.45499999999999996 0.0335625 0.030375000000000003
1 0.777203125 0.52271875 0.019671875 0.026921875
1 0.56596875 0.463109375 0.013890625 0.018796874999999998