0 0.31796875 0.33046875 0.015625 0.03125
1 0.09921875 0.365625 0.021875 0.04375
1 0.13125 0.37890625 0.0203125 0.0375
1 0.16640625 0.39140625 0.025 0.05
0 0.35859375 0.39296875 0.015625 0.03125
1 0.70390625 0.41875 0.0234375 0.046875
0 0.90703125 0.42734375 0.0234375 0.040625
1 0.759375 0.4328125 0.0265625 0.05
0 0.5265625 0.45703125 0.028125 0.053125
1 0.94453125 0.484375 0.03125 0.05625
0 0.5921875 0.48671875 0.028125 0.05625
0 0.71015625 0.51875 0.03125 0.0671875
0 0.503125 0.57421875 0.0390625 0.0734375
1 0.8515625 0.57421875 0.040625 0.0796875
1 0.03125 0.6203125 0.04375 0.1015625
0 0.65546875 0.65078125 0.0453125 0.103125
1 0.22421875 0.74375 0.0625 0.0828125