0 0.30078125 0.375 0.0171875 0.0296875
1 0.13125 0.38203125 0.0203125 0.034375
1 0.3625 0.3859375 0.015625 0.0328125
1 0.70078125 0.40859375 0.0234375 0.0453125
0 0.15390625 0.41328125 0.021875 0.0390625
0 0.91015625 0.421875 0.0171875 0.034375
1 0.7484375 0.43828125 0.021875 0.046875
1 0.92109375 0.453125 0.03125 0.0515625
0 0.5296875 0.45546875 0.0203125 0.0421875
0 0.59765625 0.490625 0.0234375 0.0484375
0 0.70703125 0.540625 0.03125 0.046875
0 0.8609375 0.5828125 0.0375 0.071875
0 0.46640625 0.5859375 0.0359375 0.0828125
1 0.646875 0.646875 0.0421875 0.1