1 0.71015625 0.371875 0.015625 0.03125
0 0.9125 0.37421875 0.025 0.0421875
4 0.64140625 0.37578125 0.0140625 0.028125
0 0.82265625 0.40234375 0.025 0.0421875
0 0.3 0.428125 0.028125 0.05
0 0.0921875 0.43046875 0.0234375 0.0375
1 0.478125 0.43125 0.0265625 0.0515625
0 0.23515625 0.446875 0.0265625 0.0515625
1 0.05703125 0.4859375 0.0375 0.059375
0 0.40546875 0.490625 0.0234375 0.0515625
0 0.28671875 0.52578125 0.03125 0.059375
1 0.51484375 0.53046875 0.0375 0.078125
1 0.1390625 0.5734375 0.040625 0.078125
0 0.9765625 0.64609375 0.0453125 0.1015625
0 0.3421875 0.67109375 0.0453125 0.0984375