1 0.2578125 0.3703125 0.01875 0.0296875
1 0.28828125 0.375 0.0125 0.03125
0 0.121875 0.37734375 0.015625 0.0390625
1 0.071875 0.378125 0.025 0.025
0 0.16953125 0.3984375 0.021875 0.040625
0 0.35546875 0.40078125 0.015625 0.028125
1 0.70078125 0.4140625 0.0203125 0.0453125
0 0.90703125 0.42734375 0.0234375 0.0453125
0 0.52890625 0.45703125 0.0234375 0.0515625
0 0.7515625 0.46328125 0.0203125 0.046875
1 0.94609375 0.484375 0.025 0.053125
0 0.590625 0.4984375 0.0203125 0.0453125
0 0.7140625 0.5390625 0.0328125 0.0546875
0 0.46953125 0.59140625 0.0359375 0.06875
1 0.5921875 0.6578125 0.0421875 0.0984375