0 0.7375 0.49296875 0.015625 0.0375
0 0.30234375 0.5078125 0.0203125 0.0328125
0 0.36640625 0.51484375 0.015625 0.0390625
0 0.61015625 0.55 0.021875 0.0421875
0 0.390625 0.56171875 0.028125 0.0453125
0 0.19765625 0.61015625 0.028125 0.0421875
0 0.309375 0.58125 0.03125 0.0546875
0 0.140625 0.46204687499999997 0.02678125 0.03125
0 0.22154687499999998 0.46204687499999997 0.02790625 0.03125
0 0.297984375 0.46484375 0.02009375 0.02790625
0 0.569203125 0.45814062499999997 0.008921875 0.0234375
0 0.692515625 0.46875 0.032359375 0.049109375