0 0.13125 0.378125 0.0203125 0.0359375
0 0.075 0.378125 0.0234375 0.03125
0 0.25625 0.37890625 0.0171875 0.03125
1 0.3046875 0.38359375 0.0140625 0.03125
0 0.15625 0.39375 0.0234375 0.046875
1 0.3453125 0.39453125 0.0109375 0.0265625
0 0.69375 0.4265625 0.021875 0.0390625
1 0.7515625 0.44296875 0.021875 0.0453125
1 0.5359375 0.44609375 0.0234375 0.0546875
4 0.90546875 0.4484375 0.03125 0.0640625
0 0.58984375 0.5046875 0.025 0.04375
0 0.7125 0.52421875 0.0265625 0.0578125
4 0.87734375 0.546875 0.0390625 0.0703125
0 0.46171875 0.58671875 0.04375 0.0828125
0 0.04375 0.659375 0.0546875 0.0828125
1 0.5859375 0.6828125 0.04375 0.103125