1 0.60234375 0.31640625 0.0109375 0.01875
0 0.5734375 0.3296875 0.0140625 0.0203125
0 0.6828125 0.33515625 0.0125 0.0234375
1 0.54375 0.3359375 0.0109375 0.021875
0 0.65234375 0.3390625 0.0140625 0.03125
1 0.50234375 0.340625 0.0125 0.0265625
1 0.76796875 0.3515625 0.015625 0.025
1 0.72890625 0.36875 0.0125 0.0296875
1 0.91328125 0.37109375 0.0140625 0.03125
0 0.7046875 0.37421875 0.015625 0.03125
1 0.86796875 0.38671875 0.015625 0.0328125
1 0.640625 0.39453125 0.0125 0.0265625
0 0.84765625 0.409375 0.0171875 0.0359375
1 0.3140625 0.41484375 0.0203125 0.04375
1 0.09375 0.41640625 0.021875 0.0390625
0 0.4734375 0.4515625 0.0234375 0.0515625
0 0.2359375 0.453125 0.0234375 0.0453125
0 0.07734375 0.4609375 0.0265625 0.05
0 0.40390625 0.49375 0.0265625 0.0484375
0 0.24921875 0.534375 0.025 0.0546875
1 0.546875 0.56640625 0.0359375 0.0828125
1 0.14921875 0.57421875 0.0359375 0.071875
0 0.35 0.6671875 0.0375 0.09375
1 0.7625 0.71796875 0.0375 0.0625