0 0.86875 0.378125 0.0203125 0.0359375
0 0.925 0.378125 0.0234375 0.03125
0 0.74375 0.37890625 0.0171875 0.03125
1 0.6953125 0.38359375 0.0140625 0.03125
0 0.84375 0.39375 0.0234375 0.046875
1 0.6546875 0.39453125 0.0109375 0.0265625
0 0.30625 0.4265625 0.021875 0.0390625
1 0.2484375 0.44296875 0.021875 0.0453125
1 0.4640625 0.44609375 0.0234375 0.0546875
5 0.09453125 0.4484375 0.03125 0.0640625
0 0.41015625 0.5046875 0.025 0.04375
0 0.2875 0.52421875 0.0265625 0.0578125
5 0.12265625 0.546875 0.0390625 0.0703125
0 0.53828125 0.58671875 0.04375 0.0828125
0 0.95625 0.659375 0.0546875 0.0828125
1 0.4140625 0.6828125 0.04375 0.103125