0 0.68046875 0.33203125 0.0203125 0.0328125
1 0.875 0.37265625 0.0234375 0.034375
0 0.928125 0.37421875 0.0265625 0.0296875
1 0.7078125 0.37578125 0.0171875 0.0328125
0 0.7421875 0.37890625 0.01875 0.0328125
1 0.64375 0.39140625 0.015625 0.0359375
0 0.83203125 0.4 0.0296875 0.0453125
1 0.3 0.41640625 0.0234375 0.0515625
0 0.09375 0.425 0.0234375 0.0421875
0 0.2359375 0.45234375 0.0265625 0.0546875
0 0.47265625 0.4546875 0.028125 0.0515625
1 0.05234375 0.4890625 0.0375 0.0578125
0 0.41171875 0.496875 0.028125 0.053125
0 0.2875 0.5171875 0.0484375 0.1015625
1 0.15 0.58203125 0.0375 0.084375
0 0.52734375 0.5859375 0.04375 0.08125
0 0.9765625 0.6625 0.046875 0.0796875
0 0.34375 0.68828125 0.0453125 0.1015625
0 0.82578125 0.81640625 0.065625 0.075