1 0.29140625 0.37578125 0.015625 0.03125
1 0.2515625 0.3828125 0.015625 0.03125
1 0.13203125 0.38515625 0.0203125 0.034375
1 0.359375 0.39296875 0.0125 0.0265625
1 0.18125 0.40390625 0.021875 0.0390625
1 0.69453125 0.4125 0.0234375 0.04375
0 0.9078125 0.4234375 0.021875 0.0375
0 0.76484375 0.44921875 0.0234375 0.0484375
0 0.5421875 0.4609375 0.025 0.0484375
0 0.91015625 0.4796875 0.0265625 0.0484375
0 0.5890625 0.5 0.0265625 0.0453125
0 0.71171875 0.52890625 0.0296875 0.05625
1 0.49609375 0.54296875 0.0359375 0.0859375
1 0.8578125 0.56171875 0.0328125 0.0671875
0 0.11328125 0.63125 0.034375 0.0828125
1 0.6 0.678125 0.0390625 0.0984375
1 0.221875 0.7703125 0.0359375 0.05625