4 0.31484375 0.3375 0.0203125 0.03125
0 0.359375 0.34375 0.0171875 0.034375
0 0.26875 0.36953125 0.015625 0.03125
4 0.09296875 0.37109375 0.0234375 0.0375
4 0.12265625 0.3828125 0.021875 0.0390625
0 0.359375 0.39375 0.01875 0.03125
0 0.18046875 0.39921875 0.025 0.04375
0 0.703125 0.41484375 0.025 0.046875
0 0.9078125 0.4296875 0.0234375 0.0359375
1 0.75703125 0.4328125 0.0265625 0.0546875
0 0.534375 0.46640625 0.0234375 0.0375
0 0.58515625 0.48046875 0.0234375 0.0484375
1 0.9390625 0.48125 0.028125 0.05625
0 0.71796875 0.53984375 0.0296875 0.053125
0 0.50546875 0.5625 0.0359375 0.0828125
1 0.8625 0.57421875 0.0375 0.0765625
4 0.6515625 0.65390625 0.0484375 0.10625
0 0.02578125 0.66171875 0.0515625 0.0828125