0 0.32578125 0.32421875 0.015625 0.025
0 0.42109375 0.328125 0.0140625 0.0234375
0 0.39609375 0.3296875 0.0140625 0.021875
0 0.45703125 0.3359375 0.0125 0.0234375
0 0.359375 0.34375 0.0171875 0.028125
0 0.50703125 0.34765625 0.015625 0.0296875
1 0.2953125 0.37265625 0.015625 0.0328125
0 0.07265625 0.37421875 0.0203125 0.034375
0 0.24921875 0.3828125 0.0140625 0.0328125
0 0.1296875 0.384375 0.01875 0.0328125
1 0.3578125 0.39296875 0.0140625 0.025
0 0.17109375 0.3984375 0.0171875 0.0328125
1 0.6875 0.41015625 0.01875 0.0375
0 0.9078125 0.421875 0.01875 0.0390625
0 0.76484375 0.43984375 0.0234375 0.046875
1 0.9234375 0.45625 0.025 0.053125
1 0.509375 0.45703125 0.0171875 0.04375
0 0.5890625 0.50859375 0.0265625 0.0421875
1 0.50390625 0.534375 0.0296875 0.06875
0 0.71015625 0.55546875 0.03125 0.0453125
1 0.859375 0.57890625 0.0375 0.06875
1 0.11640625 0.6171875 0.0328125 0.0796875
4 0.60546875 0.68359375 0.04375 0.0984375
1 0.22109375 0.76796875 0.0421875 0.0625