0 0.6828125 0.33125 0.0125 0.0234375
1 0.928125 0.37109375 0.0171875 0.0328125
0 0.7265625 0.3734375 0.0140625 0.0328125
1 0.86875 0.38515625 0.01875 0.034375
1 0.83046875 0.3984375 0.0171875 0.0390625
1 0.09453125 0.42265625 0.0203125 0.034375
0 0.31796875 0.4421875 0.0203125 0.0421875
0 0.2328125 0.44296875 0.0234375 0.0453125
1 0.490625 0.45625 0.021875 0.040625
0 0.0734375 0.4625 0.028125 0.0578125
0 0.4109375 0.5046875 0.0265625 0.040625
0 0.29140625 0.540625 0.0265625 0.046875
1 0.1484375 0.55703125 0.0328125 0.0671875
0 0.53359375 0.60859375 0.0390625 0.0671875
0 0.971875 0.65390625 0.04375 0.0828125
0 0.40546875 0.67265625 0.0421875 0.1
0 0.77890625 0.78828125 0.04375 0.053125