0 0.39296875 0.32578125 0.0125 0.0203125
1 0.32109375 0.3265625 0.0125 0.0234375
0 0.41875 0.33359375 0.0140625 0.0171875
1 0.45078125 0.334375 0.0109375 0.0234375
1 0.34765625 0.33671875 0.0125 0.028125
0 0.4953125 0.3453125 0.0140625 0.025
1 0.2671875 0.3703125 0.009375 0.028125
0 0.28671875 0.38125 0.0140625 0.025
1 0.35703125 0.38359375 0.0140625 0.025
0 0.1234375 0.41015625 0.0203125 0.03125
0 0.5203125 0.4453125 0.0234375 0.0515625
0 0.76953125 0.45 0.025 0.0453125
1 0.95 0.48203125 0.0296875 0.0546875
1 0.465625 0.56796875 0.0359375 0.0796875
1 0.86015625 0.5765625 0.0390625 0.0734375
0 0.02109375 0.659375 0.0421875 0.0765625
1 0.20546875 0.765625 0.0359375 0.059375
6 0.6545 0.66334375 0.058984375 0.11496875
6 0.717375 0.511140625 0.036328125 0.07229687500000001
6 0.595125 0.485359375 0.033984375 0.06759375