0 0.71015625 0.43046875 0.015625 0.028125
0 0.67265625 0.4359375 0.0125 0.025
0 0.86875 0.46015625 0.0203125 0.0375
0 0.77890625 0.4609375 0.0171875 0.028125
0 0.68828125 0.465625 0.015625 0.0234375
0 0.47109375 0.47265625 0.0140625 0.0265625
0 0.4234375 0.48984375 0.01875 0.0234375
1 0.3421875 0.49140625 0.015625 0.021875
0 0.31171875 0.4921875 0.0140625 0.0203125
0 0.69140625 0.50859375 0.015625 0.03125
0 0.62578125 0.51796875 0.0125 0.03125
0 0.765625 0.525 0.0171875 0.034375
0 0.30234375 0.53515625 0.0171875 0.0296875
0 0.378125 0.553125 0.0203125 0.0328125
0 0.6875 0.57578125 0.0296875 0.0515625
0 0.83515625 0.61171875 0.0328125 0.0515625