1 0.675 0.31953125 0.0203125 0.03125
1 0.63984375 0.34140625 0.01875 0.0328125
1 0.9140625 0.371875 0.021875 0.0390625
1 0.71015625 0.37578125 0.0140625 0.034375
1 0.7484375 0.37734375 0.0171875 0.034375
1 0.86875 0.38515625 0.01875 0.0453125
1 0.64296875 0.390625 0.015625 0.0328125
1 0.81875 0.40078125 0.025 0.0484375
1 0.30546875 0.41171875 0.025 0.0390625
0 0.0921875 0.42109375 0.021875 0.04375
0 0.2359375 0.446875 0.0203125 0.05
4 0.4703125 0.45390625 0.0265625 0.046875
0 0.09375 0.48046875 0.0265625 0.059375
0 0.41015625 0.5046875 0.025 0.05
1 0.48203125 0.52578125 0.03125 0.08125
0 0.28984375 0.55078125 0.0265625 0.0578125
0 0.1390625 0.5859375 0.040625 0.0640625
4 0.8859375 0.6203125 0.0328125 0.0828125
1 0.4046875 0.66328125 0.0390625 0.096875