0 0.9203125 0.37265625 0.0203125 0.03125
0 0.70078125 0.375 0.015625 0.0296875
0 0.64296875 0.39375 0.0125 0.0296875
0 0.871875 0.4078125 0.01875 0.0328125
0 0.3078125 0.41015625 0.0234375 0.0484375
1 0.24296875 0.43671875 0.021875 0.0453125
1 0.0828125 0.44453125 0.0296875 0.0515625
0 0.459375 0.44765625 0.025 0.0546875
0 0.4046875 0.48203125 0.025 0.05
0 0.2875 0.5140625 0.028125 0.05625
1 0.5453125 0.5484375 0.040625 0.0890625
0 0.1109375 0.6265625 0.0421875 0.0671875
1 0.3546875 0.65390625 0.0390625 0.0984375