0 0.39453125 0.32578125 0.0125 0.0171875
0 0.4234375 0.3265625 0.0125 0.0234375
1 0.31875 0.3296875 0.0125 0.021875
0 0.4578125 0.33671875 0.0125 0.0203125
1 0.50625 0.34375 0.0125 0.0265625
0 0.34375 0.3484375 0.0140625 0.0265625
1 0.2359375 0.34921875 0.0140625 0.025
1 0.2921875 0.375 0.015625 0.0296875
1 0.26015625 0.3765625 0.0140625 0.025
0 0.078125 0.3859375 0.01875 0.03125
1 0.13203125 0.38671875 0.015625 0.0296875
0 0.359375 0.39453125 0.0140625 0.0234375
0 0.17421875 0.40625 0.015625 0.040625
1 0.6890625 0.4140625 0.0234375 0.04375
0 0.9046875 0.42421875 0.021875 0.0328125
4 0.76015625 0.46015625 0.04375 0.0765625
0 0.528125 0.4609375 0.028125 0.046875
0 0.7484375 0.4625 0.015625 0.034375
1 0.890625 0.46328125 0.028125 0.0515625
0 0.5890625 0.50390625 0.0265625 0.046875
0 0.7125 0.52421875 0.03125 0.0578125
1 0.49296875 0.54921875 0.0375 0.0828125
1 0.859375 0.57421875 0.040625 0.0765625
4 0.12109375 0.6203125 0.040625 0.0859375
1 0.6046875 0.6734375 0.0359375 0.1046875
1 0.22578125 0.7734375 0.0421875 0.0640625