1 0.634375 0.33515625 0.01875 0.0421875
1 0.73046875 0.3703125 0.0171875 0.046875
0 0.928125 0.37109375 0.025 0.0375
1 0.7078125 0.37265625 0.015625 0.0390625
1 0.86875 0.38046875 0.0265625 0.0484375
1 0.63984375 0.384375 0.015625 0.0375
1 0.296875 0.39921875 0.0296875 0.0671875
0 0.82578125 0.40234375 0.028125 0.046875
0 0.09375 0.42734375 0.0234375 0.0359375
4 0.22734375 0.4421875 0.028125 0.0515625
1 0.46171875 0.45234375 0.028125 0.046875
1 0.109375 0.478125 0.0265625 0.053125
0 0.40546875 0.4859375 0.03125 0.0578125
0 0.2875 0.53828125 0.0359375 0.0625
0 0.5046875 0.55078125 0.040625 0.08125
1 0.128125 0.55546875 0.0453125 0.075
4 0.88671875 0.62109375 0.0421875 0.0953125
0 0.36953125 0.67421875 0.05625 0.109375