1 0.3296875 0.4328125 0.0125 0.021875
0 0.45625 0.44140625 0.0109375 0.028125
1 0.48671875 0.459375 0.0125 0.0234375
1 0.13984375 0.46328125 0.01875 0.0328125
1 0.3078125 0.50078125 0.015625 0.0421875
1 0.378125 0.50234375 0.015625 0.034375
1 0.23515625 0.50703125 0.0203125 0.0375
1 0.7390625 0.52734375 0.0140625 0.03125
1 0.70390625 0.53359375 0.01875 0.03125
0 0.6015625 0.5375 0.0171875 0.0390625
0 0.67890625 0.54375 0.021875 0.03125
1 0.3046875 0.5671875 0.0328125 0.0578125
1 0.425 0.57265625 0.0328125 0.046875
1 0.153125 0.590625 0.034375 0.0640625