1 0.26953125 0.3734375 0.015625 0.0359375
0 0.29921875 0.37421875 0.0171875 0.0359375
0 0.0859375 0.3828125 0.025 0.034375
0 0.12890625 0.384375 0.0234375 0.0375
0 0.359375 0.39765625 0.01875 0.03125
0 0.17265625 0.40234375 0.028125 0.0484375
0 0.690625 0.434375 0.0234375 0.0421875
5 0.5296875 0.44921875 0.028125 0.059375
0 0.75703125 0.45625 0.025 0.0484375
0 0.91015625 0.459375 0.0296875 0.0578125
5 0.59375 0.49609375 0.028125 0.05625
1 0.70078125 0.53359375 0.0296875 0.059375
0 0.47578125 0.5859375 0.0453125 0.084375
0 0.9015625 0.625 0.040625 0.08125
0 0.6453125 0.6625 0.04375 0.096875