4 0.67578125 0.32578125 0.015625 0.034375
1 0.653125 0.33828125 0.01875 0.0359375
1 0.70234375 0.3734375 0.015625 0.0328125
1 0.9140625 0.3765625 0.0203125 0.0328125
1 0.8703125 0.3875 0.0171875 0.0328125
1 0.63984375 0.3953125 0.015625 0.034375
4 0.85234375 0.409375 0.0265625 0.034375
1 0.31953125 0.41015625 0.0171875 0.040625
0 0.09375 0.4234375 0.0203125 0.040625
1 0.21328125 0.44453125 0.0203125 0.05
0 0.471875 0.4640625 0.028125 0.0453125
1 0.07109375 0.46640625 0.0296875 0.05625
1 0.4046875 0.4765625 0.0265625 0.0484375
0 0.2890625 0.52734375 0.034375 0.059375
4 0.490625 0.53515625 0.0421875 0.0859375
1 0.13515625 0.5796875 0.034375 0.0734375
0 0.3546875 0.7296875 0.0515625 0.065625