0 0.609375 0.321875 0.0109375 0.0171875
0 0.66171875 0.3265625 0.0125 0.0234375
0 0.58671875 0.3375 0.0140625 0.015625
0 0.56171875 0.3375 0.0140625 0.0203125
0 0.50078125 0.35 0.0125 0.025
0 0.74921875 0.37265625 0.0171875 0.0296875
0 0.7125 0.37578125 0.0171875 0.028125
0 0.91796875 0.3796875 0.0203125 0.0296875
0 0.653125 0.39375 0.009375 0.0265625
0 0.8328125 0.4015625 0.01875 0.034375
0 0.253125 0.45546875 0.0234375 0.0421875
0 0.38984375 0.50703125 0.021875 0.05
0 0.35546875 0.52265625 0.025 0.0625
0 0.5 0.540625 0.0328125 0.08125
1 0.1515625 0.56953125 0.028125 0.0671875
0 0.45546875 0.65625 0.028125 0.090625