1 0.23046875 0.43671875 0.015625 0.021875
0 0.33046875 0.4375 0.0125 0.0203125
0 0.2875 0.43828125 0.0125 0.021875
0 0.1796875 0.4390625 0.015625 0.021875
1 0.31015625 0.45234375 0.015625 0.0265625
0 0.56640625 0.45703125 0.0140625 0.0234375
1 0.4875 0.4609375 0.0125 0.028125
1 0.20625 0.4609375 0.0171875 0.0296875
0 0.5390625 0.4625 0.0125 0.021875
1 0.15234375 0.46640625 0.01875 0.028125
0 0.65625 0.4890625 0.0140625 0.0171875
0 0.578125 0.4921875 0.0171875 0.0234375
0 0.70859375 0.49921875 0.0125 0.025
1 0.3140625 0.5 0.015625 0.0375
1 0.3828125 0.5046875 0.0140625 0.03125
1 0.2390625 0.50546875 0.0171875 0.034375
1 0.696875 0.52109375 0.015625 0.028125
0 0.67421875 0.53984375 0.0171875 0.0328125
0 0.60625 0.54140625 0.015625 0.0328125
1 0.31640625 0.5578125 0.0203125 0.04375
1 0.4578125 0.5734375 0.0203125 0.034375
1 0.1609375 0.6125 0.028125 0.05