0 0.2703125 0.36875 0.0140625 0.0359375
1 0.2953125 0.3734375 0.015625 0.034375
0 0.0953125 0.3796875 0.0203125 0.03125
0 0.1296875 0.3828125 0.01875 0.040625
1 0.35859375 0.39140625 0.015625 0.03125
0 0.171875 0.40234375 0.025 0.05
1 0.70078125 0.41484375 0.025 0.0578125
1 0.76328125 0.43515625 0.028125 0.0546875
0 0.52421875 0.44453125 0.028125 0.0546875
1 0.9234375 0.45625 0.034375 0.065625
0 0.5890625 0.48515625 0.0265625 0.0546875
0 0.50078125 0.55 0.046875 0.08125
0 0.7046875 0.55234375 0.034375 0.075
1 0.87421875 0.55859375 0.0390625 0.078125
1 0.6671875 0.6546875 0.0484375 0.11875