0 0.41796875 0.33046875 0.0109375 0.0203125
0 0.31796875 0.33359375 0.0109375 0.0234375
1 0.45625 0.3359375 0.0125 0.0234375
0 0.3609375 0.34375 0.0125 0.0265625
0 0.4984375 0.34609375 0.0125 0.025
0 0.265625 0.371875 0.0109375 0.03125
1 0.2953125 0.3765625 0.015625 0.03125
0 0.13125 0.3921875 0.0171875 0.028125
1 0.3578125 0.3921875 0.0125 0.025
0 0.16953125 0.40703125 0.0203125 0.0390625
1 0.68984375 0.41015625 0.0203125 0.040625
0 0.909375 0.42421875 0.0234375 0.0359375
1 0.746875 0.434375 0.0234375 0.0421875
0 0.5265625 0.4515625 0.0234375 0.0453125
1 0.89296875 0.4625 0.028125 0.0484375
1 0.58984375 0.4828125 0.0234375 0.05
0 0.70234375 0.55546875 0.03125 0.046875
1 0.86875 0.56484375 0.0359375 0.0671875
0 0.46796875 0.5953125 0.0375 0.0671875
0 0.6421875 0.6546875 0.0359375 0.0921875