1 0.73125 0.3734375 0.0140625 0.0328125
1 0.7046875 0.37578125 0.0171875 0.034375
0 0.92109375 0.37890625 0.0265625 0.0375
0 0.86796875 0.38359375 0.025 0.0390625
1 0.6421875 0.390625 0.015625 0.0328125
0 0.82734375 0.40625 0.025 0.0453125
1 0.3109375 0.4109375 0.025 0.059375
1 0.2421875 0.440625 0.0265625 0.0515625
0 0.478125 0.4546875 0.025 0.0546875
1 0.0984375 0.4703125 0.0328125 0.0609375
1 0.4140625 0.4921875 0.028125 0.0578125
0 0.3015625 0.55 0.034375 0.0578125
1 0.13203125 0.56484375 0.040625 0.0703125
0 0.52109375 0.5765625 0.0421875 0.0890625
0 0.39296875 0.675 0.0484375 0.109375
0 0.68125 0.32109375 0.0296875 0.0546875
0 0.50234375 0.34453125 0.021875 0.0359375
1 0.54375 0.32890625 0.025 0.0484375
1 0.5703125 0.32578125 0.0234375 0.04375
1 0.640625 0.34296875 0.0171875 0.0421875