0 0.6796875 0.334375 0.015625 0.0234375
1 0.6515625 0.33828125 0.015625 0.03125
0 0.74921875 0.375 0.0171875 0.03125
0 0.91171875 0.37578125 0.021875 0.0375
0 0.71015625 0.3765625 0.0171875 0.03125
0 0.865625 0.3875 0.0234375 0.0375
0 0.834375 0.4078125 0.028125 0.04375
1 0.30546875 0.41484375 0.0234375 0.0453125
0 0.09296875 0.4265625 0.0203125 0.034375
0 0.23671875 0.4484375 0.025 0.0453125
4 0.47265625 0.4515625 0.025 0.053125
0 0.09140625 0.48125 0.028125 0.05625
1 0.4078125 0.48984375 0.025 0.0546875
0 0.28671875 0.52890625 0.0296875 0.0609375
0 0.15234375 0.584375 0.04375 0.075
0 0.53828125 0.609375 0.04375 0.078125
0 0.8953125 0.6296875 0.0453125 0.0828125
0 0.3375 0.6765625 0.0484375 0.1015625
6 0.99921875 0.3588125 0.0015625 0.0033437500000000004