0 0.6125 0.3203125 0.0125 0.0203125
0 0.68671875 0.3296875 0.015625 0.025
0 0.5390625 0.33203125 0.0125 0.021875
0 0.58515625 0.33828125 0.0140625 0.01875
0 0.50078125 0.3453125 0.0140625 0.025
0 0.64375 0.34921875 0.015625 0.0234375
0 0.9203125 0.37421875 0.021875 0.0296875
0 0.721875 0.38046875 0.0140625 0.025
0 0.6515625 0.3984375 0.0140625 0.0296875
0 0.859375 0.41171875 0.01875 0.034375
0 0.09296875 0.42890625 0.0234375 0.0375
0 0.27734375 0.43671875 0.01875 0.04375
0 0.4078125 0.47109375 0.021875 0.0453125
0 0.3234375 0.5046875 0.03125 0.065625
0 0.52421875 0.58515625 0.0375 0.0703125
0 0.13515625 0.59921875 0.0359375 0.065625
0 0.3515625 0.65 0.0453125 0.090625