1 0.85703125 0.4625 0.01875 0.0328125
0 0.42421875 0.48125 0.0140625 0.0265625
1 0.34765625 0.48515625 0.0125 0.0234375
0 0.290625 0.49375 0.0140625 0.028125
1 0.62109375 0.5078125 0.015625 0.0359375
0 0.684375 0.509375 0.0203125 0.0296875
0 0.753125 0.52109375 0.0203125 0.0328125
1 0.33828125 0.53125 0.0203125 0.04375
0 0.2984375 0.5328125 0.0171875 0.0328125
0 0.396875 0.53828125 0.01875 0.0359375
1 0.6953125 0.55390625 0.0265625 0.0546875
0 0.5734375 0.56640625 0.028125 0.0546875
1 0.846875 0.590625 0.03125 0.059375