1 0.7 0.371875 0.015625 0.034375
0 0.7375 0.3734375 0.0109375 0.0296875
0 0.92421875 0.38671875 0.0265625 0.0484375
0 0.86953125 0.39375 0.0171875 0.03125
0 0.64140625 0.39765625 0.015625 0.028125
0 0.82890625 0.40390625 0.021875 0.0375
1 0.3078125 0.41484375 0.0234375 0.0515625
0 0.08984375 0.43203125 0.0234375 0.0359375
0 0.2515625 0.45625 0.0234375 0.0453125
0 0.47734375 0.46015625 0.028125 0.0453125
1 0.0640625 0.47890625 0.028125 0.0578125
0 0.4015625 0.4875 0.025 0.0484375
0 0.284375 0.5203125 0.0296875 0.05625
5 0.5109375 0.55625 0.0390625 0.08125
1 0.13359375 0.55625 0.0375 0.075
1 0.34453125 0.68359375 0.0390625 0.0921875