0 0.2421875 0.2546875 0.0421875 0.0875
0 0.140625 0.27109375 0.034375 0.0875
5 0.3703125 0.27265625 0.0421875 0.0890625
5 0.10221875 0.751953125 0.19140625 0.407546875
5 0.28125 0.75065625 0.138015625 0.33984375
5 0.415359375 0.727859375 0.125 0.421875
5 0.57096875 0.7109375 0.131515625 0.31770312500000003
5 0.69075 0.684890625 0.095046875 0.375
5 0.794265625 0.6796875 0.109375 0.33073437499999997
5 0.9095000000000001 0.712234375 0.139328125 0.3359375
5 0.4765625 0.29948437499999997 0.0859375 0.22917187499999997
5 0.46940625 0.1139375 0.08203125 0.162765625
5 0.5423125 0.12175 0.063796875 0.131515625
5 0.6875 0.114578125 0.0703125 0.15625
5 0.8541718749999999 0.11003125 0.0703125 0.18359375
5 0.731765625 0.3359375 0.1015625 0.1953125
5 0.8515625 0.37629687500000003 0.111984375 0.1953125
5 0.38932812499999997 0.111984375 0.0703125 0.15625
5 0.30207812500000003 0.106765625 0.072921875 0.171875
5 0.142578125 0.115234375 0.08203125 0.16796875
5 0.5891875 0.267578125 0.11328125 0.25651562499999997
4 0.22135937499999997 0.126953125 0.072921875 0.170578125