4 0.3046875 0.596875 0.0484375 0.1171875
4 0.58046875 0.63046875 0.0453125 0.121875
4 0.196875 0.63828125 0.04375 0.090625
4 0.39140625 0.6546875 0.05 0.1140625
4 0.86796875 0.6578125 0.0484375 0.140625
4 0.1296875 0.6609375 0.059375 0.1109375
4 0.75 0.66953125 0.0578125 0.1125
4 0.46796875 0.10625 0.0359375 0.06875
4 0.059375 0.2328125 0.0390625 0.078125
0 0.7578125 0.2546875 0.0421875 0.0875
0 0.52421875 0.2625 0.0296875 0.0859375
0 0.859375 0.27109375 0.034375 0.0875
4 0.6296875 0.27265625 0.0421875 0.0890625
4 0.14375 0.378125 0.040625 0.0796875