1 0.88203125 0.4109375 0.090625 0.1515625
1 0.5453125 0.41171875 0.059375 0.0984375
1 0.28359375 0.41953125 0.053125 0.0984375
0 0.3453125 0.434375 0.0484375 0.0671875
1 0.0578125 0.43828125 0.0578125 0.1203125
1 0.15703125 0.46015625 0.053125 0.0890625
1 0.41171875 0.47578125 0.0796875 0.1296875
1 0.71171875 0.48125 0.0546875 0.10625
1 0.21237499999999998 0.42232812500000005 0.0570625 0.099828125
0 0.634015625 0.45843749999999994 0.070078125 0.14340625
0 0.813265625 0.42557812500000003 0.06659375 0.090703125
0 0.48884375 0.420203125 0.033484375 0.05915625