2 0.16484375 0.6 0.1515625 0.1578125
2 0.48515625 0.521875 0.0765625 0.14375
2 0.58046875 0.53046875 0.0765625 0.1484375
2 0.5453125 0.440625 0.059375 0.1046875
2 0.29765625 0.43671875 0.0546875 0.0921875
2 0.32421875 0.39140625 0.053125 0.09375
2 0.26484375 0.3953125 0.0609375 0.084375
0 0.222796875 0.407828125 0.028937499999999998 0.04365625
0 0.482921875 0.40551562499999994 0.038765625 0.059859375000000006
0 0.71325 0.379171875 0.027203125 0.045390625000000004
1 0.797453125 0.426640625 0.025468750000000002 0.056984375
1 0.777203125 0.37512500000000004 0.0335625 0.04421875