2 0.5140625 0.53203125 0.0859375 0.1203125
2 0.41796875 0.53515625 0.0921875 0.14375
2 0.4484375 0.4484375 0.05625 0.0953125
2 0.2015625 0.4609375 0.0828125 0.109375
2 0.70703125 0.4421875 0.05625 0.0859375
2 0.66796875 0.39140625 0.0625 0.078125
2 0.821875 0.58984375 0.1125 0.1953125
2 0.73359375 0.39375 0.053125 0.08125
0 0.5174218749999999 0.41695312500000004 0.016593749999999997 0.044796875
1 0.23546874999999998 0.376359375 0.022984375 0.039140625
0 0.28517187499999996 0.384203125 0.018234375 0.03659375
0 0.44875 0.37371875 0.022453124999999997 0.03125