2 0.159375 0.603125 0.1171875 0.1484375
2 0.796875 0.47265625 0.090625 0.1203125
2 0.7203125 0.39921875 0.0546875 0.1125
2 0.27734375 0.39453125 0.053125 0.0890625
1 0.48046875 0.46484375 0.0234375 0.047984375
1 0.571421875 0.44475 0.02009375 0.052453125
0 0.4838125 0.411828125 0.014515624999999999 0.040171875
0 0.551890625 0.40625 0.021203125 0.044640625
0 0.48884375 0.37165625 0.013390625 0.03571875
0 0.540171875 0.3744375 0.017859375 0.04353125
5 0.248328125 0.41853125 0.05021875 0.11160937500000001
0 0.327015625 0.397328125 0.022328124999999997 0.040171875
2 0.78459375 0.3984375 0.05803125 0.080359375