2 0.52421875 0.42734375 0.05 0.09375
2 0.21015625 0.46484375 0.09375 0.1421875
2 0.41875 0.52421875 0.0984375 0.16875
2 0.83515625 0.5890625 0.134375 0.1765625
1 0.51328125 0.4875 0.0484375 0.0640625
1 0.70234375 0.41875 0.0296875 0.05625
1 0.9015625 0.490625 0.053125 0.096875
0 0.77421875 0.40703125 0.0390625 0.05
1 0.28828125 0.37421875 0.03125 0.0484375
1 0.2234375 0.3703125 0.0359375 0.053125
1 0.45625 0.4 0.0296875 0.05
0 0.73503125 0.369140625 0.022140625 0.040359374999999996
0 0.678390625 0.37956249999999997 0.0234375 0.037765625000000004