2 0.2828125 0.38359375 0.0484375 0.09375
2 0.48359375 0.52578125 0.078125 0.1296875
2 0.578125 0.52109375 0.0953125 0.146875
5 0.092390625 0.5549062499999999 0.161609375 0.242578125
0 0.23284375000000002 0.403234375 0.01771875 0.0538125
0 0.30221875 0.411703125 0.028875 0.036890624999999996
1 0.8020468749999999 0.430734375 0.025921875 0.059343749999999994
0 0.71696875 0.380953125 0.017234375 0.040484375
0 0.77715625 0.38225 0.017828125 0.0405
0 0.482109375 0.40449999999999997 0.018859375 0.0355
1 0.551453125 0.4058125 0.019546875 0.040749999999999995