2 0.0390625 0.58671875 0.0765625 0.1796875
2 0.23125 0.41953125 0.053125 0.1
2 0.27109375 0.3890625 0.0484375 0.0765625
2 0.29765625 0.43125 0.05 0.090625
2 0.33046875 0.38984375 0.040625 0.0671875
2 0.4859375 0.39765625 0.05625 0.08125
2 0.540625 0.39453125 0.0484375 0.084375
2 0.54921875 0.43359375 0.0546875 0.1
2 0.47265625 0.43359375 0.04375 0.09375
2 0.48515625 0.5203125 0.0765625 0.1328125
2 0.584375 0.52265625 0.0890625 0.15625
2 0.71953125 0.40234375 0.0546875 0.09375
2 0.796875 0.45859375 0.0875 0.109375
0 0.78571875 0.368296875 0.03571875 0.049109375