5 0.92265625 0.5921875 0.1546875 0.203125
2 0.7703125 0.42265625 0.059375 0.09375
2 0.703125 0.43984375 0.059375 0.0765625
2 0.7234375 0.38984375 0.0453125 0.084375
2 0.67265625 0.39375 0.04375 0.0765625
2 0.4484375 0.43203125 0.05 0.1015625
2 0.41640625 0.52109375 0.0828125 0.1390625
2 0.28515625 0.396875 0.046875 0.0859375
2 0.20390625 0.45546875 0.078125 0.1140625
1 0.5150625 0.47767187499999997 0.02790625 0.055796875
5 0.522328125 0.43025 0.04240625 0.094859375
0 0.22767187500000002 0.377796875 0.017859375 0.0390625