2 0.54765625 0.4359375 0.0515625 0.1015625
2 0.58046875 0.521875 0.0875 0.1609375
2 0.271875 0.39375 0.0484375 0.08125
2 0.3234375 0.39296875 0.053125 0.08125
1 0.7609375 0.40546875 0.021875 0.053125
0 0.72109375 0.3734375 0.0171875 0.0359375
2 0.48046875 0.43359375 0.046875 0.090625
0 0.48359375 0.4875 0.0296875 0.071875
1 0.23515625 0.38671875 0.0171875 0.04375
0 0.284375 0.4140625 0.025 0.05
1 0.79296875 0.37370312499999997 0.0234375 0.046875
1 0.540359375 0.36784374999999997 0.020828125 0.037765625000000004