2 0.70234375 0.43359375 0.0578125 0.090625
2 0.41796875 0.52578125 0.0890625 0.15
2 0.2 0.45390625 0.08125 0.1140625
0 0.9090468749999999 0.55915625 0.17521875 0.24329687500000002
0 0.51228125 0.47990625 0.037953125 0.06696875
0 0.771203125 0.40123437500000003 0.033484375 0.047984375
0 0.51896875 0.40625 0.029015625 0.03125
0 0.45032812499999997 0.407921875 0.030140624999999997 0.056921875
0 0.287390625 0.380015625 0.030140624999999997 0.05021875
0 0.22767187500000002 0.377234375 0.02678125 0.049109375
1 0.716515625 0.353234375 0.02678125 0.0546875