2 0.28984375 0.4375 0.0625 0.0859375
2 0.325 0.39375 0.0546875 0.0984375
2 0.57890625 0.51796875 0.084375 0.15
2 0.796875 0.465625 0.078125 0.1171875
0 0.21985937500000002 0.579234375 0.10490625 0.17634375
1 0.48771875 0.478234375 0.037953125 0.05915625
1 0.710375 0.377234375 0.02790625 0.040171875
1 0.549109375 0.40290625 0.02678125 0.046875
0 0.064171875 0.47545312500000003 0.061390625 0.09375
0 0.474328125 0.41015625 0.029015625 0.0390625
0 0.790734375 0.37165625 0.032359375 0.05134375
0 0.232703125 0.4056875 0.02790625 0.04353125