2 0.1 0.525 0.0875 0.1640625
2 0.16953125 0.60234375 0.115625 0.1671875
2 0.48671875 0.5359375 0.09375 0.125
2 0.58671875 0.53046875 0.090625 0.1625
2 0.29921875 0.4421875 0.06875 0.1
2 0.26484375 0.3859375 0.053125 0.0890625
2 0.3296875 0.3890625 0.053125 0.0890625
2 0.7140625 0.4046875 0.059375 0.0953125
2 0.79140625 0.45625 0.078125 0.1078125
1 0.22890625 0.403125 0.021875 0.0453125
1 0.48125 0.41640625 0.0171875 0.034375
1 0.5359375 0.39609375 0.0171875 0.028125
1 0.478125 0.37890625 0.0171875 0.034375
1 0.5390625 0.3640625 0.015625 0.025