2 0.26875 0.3953125 0.04375 0.084375
2 0.32421875 0.39140625 0.0515625 0.0859375
2 0.58125 0.5234375 0.090625 0.1546875
2 0.54921875 0.43828125 0.05625 0.09375
0 0.474921875 0.407796875 0.02271875 0.0473125
0 0.48540625000000004 0.485703125 0.03328125 0.057296875000000004
1 0.236109375 0.38946875 0.016453125 0.047125
0 0.721546875 0.372453125 0.01859375 0.044328125
1 0.792859375 0.37440625 0.017984375 0.043046875
1 0.7634375 0.40650000000000003 0.024234375 0.05254687500000001
0 0.546875 0.37115624999999997 0.020796875 0.0469375