2 0.0921875 0.5453125 0.1375 0.2234375
2 0.19296875 0.58671875 0.1296875 0.171875
2 0.48828125 0.54140625 0.084375 0.1609375
2 0.578125 0.53203125 0.1015625 0.1625
2 0.7140625 0.4046875 0.0640625 0.1125
2 0.796875 0.46171875 0.0890625 0.1265625
2 0.26796875 0.39609375 0.053125 0.0859375
1 0.22825 0.40387500000000004 0.016375 0.047281250000000004
0 0.479484375 0.40909375 0.01621875 0.039484375
5 0.548234375 0.432171875 0.039140625 0.10646875
0 0.769953125 0.37701562499999997 0.016453125 0.037828125000000004
1 0.792890625 0.43267187500000004 0.028453125000000003 0.050203125