2 0.17734375 0.60078125 0.1296875 0.146875
2 0.303125 0.4359375 0.0609375 0.0953125
2 0.48203125 0.5359375 0.09375 0.140625
2 0.57890625 0.5328125 0.0890625 0.1359375
2 0.4765625 0.43671875 0.0515625 0.078125
2 0.56015625 0.45234375 0.05 0.090625
2 0.7109375 0.403125 0.0546875 0.1046875
2 0.7921875 0.45703125 0.0859375 0.125
0 0.23698437499999997 0.39909374999999997 0.0234375 0.048171874999999996
0 0.541015625 0.3671875 0.016921875 0.046875
0 0.48371875 0.37956249999999997 0.01953125 0.040359374999999996
0 0.267578125 0.36979687499999997 0.022140625 0.041671875000000004
0 0.111328125 0.49934375 0.032546874999999996 0.06640625
0 0.326171875 0.37109375 0.01953125 0.0390625