2 0.96171875 0.58671875 0.0765625 0.1828125
2 0.76875 0.42265625 0.05 0.0859375
2 0.7296875 0.38828125 0.0453125 0.078125
2 0.70078125 0.434375 0.046875 0.0890625
2 0.6703125 0.39296875 0.0453125 0.08125
2 0.5296875 0.43359375 0.0390625 0.096875
2 0.5125 0.4015625 0.0515625 0.071875
2 0.459375 0.39375 0.04375 0.084375
2 0.45 0.43359375 0.0546875 0.0921875
2 0.51328125 0.52421875 0.075 0.1296875
2 0.41640625 0.5265625 0.0890625 0.1453125
2 0.2734375 0.4109375 0.05625 0.0765625
2 0.203125 0.45703125 0.0828125 0.10625