2 0.9609375 0.58671875 0.0765625 0.1796875
2 0.72890625 0.3890625 0.0484375 0.0765625
2 0.70234375 0.43125 0.05 0.090625
2 0.66953125 0.38984375 0.040625 0.0671875
2 0.45078125 0.43359375 0.0546875 0.1
2 0.52734375 0.43359375 0.04375 0.09375
2 0.51484375 0.5203125 0.0765625 0.1328125
2 0.415625 0.52265625 0.0890625 0.15625
2 0.28046875 0.40234375 0.0546875 0.09375
2 0.203125 0.45859375 0.0875 0.109375
0 0.212890625 0.36457812500000003 0.024734375 0.044265624999999996
0 0.513015625 0.376953125 0.015625 0.040359374999999996
0 0.77278125 0.400390625 0.022140625 0.05078125