2 0.09296875 0.56015625 0.1359375 0.25
2 0.196875 0.5828125 0.134375 0.1703125
2 0.71328125 0.41171875 0.0625 0.1078125
2 0.79140625 0.4625 0.096875 0.1046875
4 0.488 0.493984375 0.03596875 0.0735
2 0.58146875 0.5173593750000001 0.0655625 0.1545625
5 0.5540625 0.42504687499999994 0.05715625 0.105078125
0 0.288296875 0.409578125 0.0319375 0.049921875
0 0.226765625 0.40721875 0.04203125 0.05328125
0 0.32242187499999997 0.37174999999999997 0.021515625 0.05696875
0 0.478421875 0.40554687500000003 0.018828125 0.0378125
0 0.77125 0.3798125 0.035640624999999995 0.04890625
1 0.48581250000000004 0.36906249999999996 0.025546875000000004 0.047546875
4 0.264765625 0.3744375 0.02521875 0.034109375