2 0.5515625 0.4359375 0.0609375 0.0984375
2 0.5796875 0.53046875 0.096875 0.1453125
5 0.236109375 0.42374999999999996 0.0555625 0.134546875
0 0.3055625 0.401453125 0.03471875 0.058703125
0 0.469046875 0.46803125 0.04571875 0.07378124999999999
1 0.47453124999999996 0.4095625 0.03240625 0.054078125
5 0.042249999999999996 0.598578125 0.084484375 0.29670312499999996
1 0.76128125 0.40579687499999995 0.032984374999999996 0.050031250000000006
1 0.541671875 0.36615625 0.020828125 0.036703124999999996
1 0.71440625 0.374546875 0.029515625 0.0430625
0 0.79340625 0.377734375 0.03125 0.05290625