2 0.578125 0.52421875 0.09375 0.1375
2 0.79453125 0.45546875 0.0828125 0.10625
5 0.09709375 0.561390625 0.1875 0.232140625
0 0.2974375 0.4140625 0.025671875 0.046875
0 0.228796875 0.404015625 0.024546875000000003 0.046875
0 0.470421875 0.477125 0.02790625 0.056921875
0 0.48046875 0.404578125 0.016734375000000003 0.03459375
1 0.553015625 0.4056875 0.0234375 0.041296875
0 0.717078125 0.377234375 0.021203125 0.040171875
1 0.28515625 0.353234375 0.016734375000000003 0.041296875
2 0.32478125 0.393421875 0.046875 0.07478125