2 0.09296875 0.56015625 0.1359375 0.25
2 0.196875 0.5828125 0.134375 0.1703125
2 0.71328125 0.41171875 0.0625 0.1078125
2 0.79140625 0.4625 0.096875 0.1046875
5 0.48828125 0.49375 0.0359375 0.0734375
2 0.58125 0.5171875 0.065625 0.1546875
6 0.55390625 0.425 0.0578125 0.1046875
0 0.28828125 0.409375 0.03125 0.05
0 0.2265625 0.40703125 0.0421875 0.053125
0 0.32265625 0.371875 0.021875 0.05625
0 0.478125 0.40546875 0.01875 0.0375
0 0.77109375 0.3796875 0.0359375 0.0484375
1 0.4859375 0.36875 0.025 0.046875
5 0.26484375 0.37421875 0.025 0.034375