2 0.54921875 0.43671875 0.05625 0.1015625
2 0.58203125 0.5296875 0.09375 0.14375
2 0.48515625 0.52265625 0.0765625 0.1359375
0 0.023140625 0.489734375 0.046296875 0.10679687499999999
1 0.54146875 0.36375 0.033875 0.040796874999999996
0 0.789140625 0.37009375 0.026250000000000002 0.038265625
1 0.30778125 0.403125 0.033875 0.043359375
0 0.27771875 0.34575 0.039796874999999995 0.037828125000000004
0 0.23962500000000003 0.38978125 0.0245625 0.039546874999999995
0 0.7281718749999999 0.3758125 0.03640625 0.04715625
0 0.760359375 0.40778125000000004 0.03471875 0.042515625
0 0.32196875 0.364796875 0.024125 0.035296875
5 0.47310937500000005 0.4298125 0.052078124999999996 0.091640625