2 0.58203125 0.5234375 0.0890625 0.1453125
2 0.7953125 0.4578125 0.0796875 0.109375
1 0.08125 0.4796875 0.0375 0.0796875
0 0.2265625 0.40390625 0.0515625 0.0609375
0 0.47890625 0.41484375 0.0234375 0.053125
1 0.54921875 0.4046875 0.03125 0.0546875
1 0.7734375 0.38125 0.025 0.0484375
0 0.29231250000000003 0.412109375 0.024734375 0.045578125000000004
0 0.287109375 0.353515625 0.022140625 0.040359374999999996
0 0.716140625 0.38151562499999997 0.0234375 0.044265624999999996
0 0.48046875 0.484375 0.028640624999999996 0.0625