2 0.55234375 0.4359375 0.0578125 0.109375
2 0.58046875 0.5265625 0.09375 0.15
2 0.3265625 0.39375 0.0453125 0.08125
1 0.48046875 0.48828125 0.041296875 0.079234375
1 0.23548437500000002 0.388953125 0.033484375 0.0546875
0 0.295765625 0.4140625 0.029015625 0.037953125
0 0.71875 0.376671875 0.03571875 0.04353125
0 0.7974375 0.38671875 0.036828125 0.03459375
0 0.76228125 0.4056875 0.024546875000000003 0.052453125
0 0.470421875 0.41071875 0.03459375 0.044640625
0 0.540171875 0.3588125 0.022328124999999997 0.03459375
4 0.282359375 0.36775 0.033484375 0.0390625