2 0.28984375 0.4375 0.0625 0.0859375
2 0.325 0.39375 0.0546875 0.0984375
2 0.57890625 0.51796875 0.084375 0.15
2 0.796875 0.465625 0.078125 0.1171875
0 0.2078125 0.5125 0.040625 0.0640625
6 0.065625 0.5546875 0.0875 0.2375
0 0.23828125 0.40690625 0.020828125 0.05078125
0 0.26496875000000003 0.36848437500000003 0.024734375 0.041671875000000004
0 0.54621875 0.401046875 0.022140625 0.049484375000000004
1 0.48503125 0.47265625 0.024734375 0.049484375000000004
1 0.71028125 0.376953125 0.01953125 0.040359374999999996
0 0.787765625 0.375 0.020828125 0.044265624999999996
5 0.473953125 0.43425 0.041671875000000004 0.087234375