2 0.41796875 0.52421875 0.090625 0.1546875
2 0.67421875 0.39140625 0.0453125 0.0890625
0 0.528 0.40559375 0.022140625 0.045578125000000004
0 0.455078125 0.40234375 0.02734375 0.049484375000000004
1 0.28385937499999997 0.37370312499999997 0.020828125 0.0390625
0 0.205078125 0.376953125 0.02734375 0.04296875
0 0.24089062499999997 0.408859375 0.018234375 0.046875
1 0.76496875 0.38737499999999997 0.01953125 0.048171874999999996
0 0.705078125 0.41340625 0.01953125 0.04296875
0 0.725265625 0.36457812500000003 0.020828125 0.041671875000000004
1 0.521484375 0.47265625 0.024734375 0.046875