2 0.4484375 0.4359375 0.0609375 0.0984375
2 0.4203125 0.53046875 0.096875 0.1453125
6 0.7765625 0.425 0.0703125 0.11875
6 0.690625 0.39765625 0.0296875 0.0453125
1 0.52890625 0.40625 0.040625 0.040625
1 0.24296875 0.4078125 0.0421875 0.05625
0 0.203125 0.3796875 0.03125 0.040625
1 0.4578125 0.3625 0.0265625 0.0453125
0 0.53059375 0.466796875 0.029953125000000004 0.05078125
1 0.28385937499999997 0.376953125 0.020828125 0.045578125000000004
0 0.72590625 0.3515625 0.01953125 0.041671875000000004
6 0.9348906250000001 0.56575 0.130203125 0.22004687500000003