2 0.153125 0.609375 0.175 0.1453125
2 0.4859375 0.51640625 0.0953125 0.14375
2 0.58203125 0.53125 0.0984375 0.15625
2 0.30234375 0.4359375 0.0640625 0.0953125
2 0.2640625 0.39140625 0.046875 0.1015625
2 0.80234375 0.46328125 0.0875 0.1125
1 0.22265625 0.41126562499999997 0.030140624999999997 0.041296875
0 0.48771875 0.40904687500000003 0.029015625 0.045765625
0 0.564734375 0.42298437499999997 0.040171875 0.04240625
1 0.772328125 0.377234375 0.03125 0.044640625
0 0.715953125 0.385046875 0.030140624999999997 0.05134375