2 0.52109375 0.52421875 0.090625 0.121875
2 0.415625 0.53203125 0.0875 0.1328125
0 0.9456093750000001 0.49437499999999995 0.050921875000000005 0.10215624999999999
0 0.79253125 0.5045 0.0399375 0.07728125
0 0.77140625 0.404359375 0.035875000000000004 0.0645
0 0.692703125 0.40232812500000004 0.045140625000000004 0.06392187499999999
1 0.515046875 0.418828125 0.023140625 0.051765625
4 0.197625 0.450671875 0.06539062500000001 0.1015625
1 0.2881875 0.39278124999999997 0.048609374999999996 0.09690625
1 0.437796875 0.393640625 0.038765625 0.039609375
0 0.212671875 0.36875 0.0399375 0.045375
4 0.523734375 0.379171875 0.0335625 0.045390625000000004
0 0.674765625 0.365578125 0.030093750000000002 0.0494375
0 0.734078125 0.37570312499999997 0.027203125 0.0384375