2 0.325 0.39140625 0.0484375 0.08125
2 0.55 0.4359375 0.0625 0.0984375
2 0.5796875 0.5265625 0.0953125 0.15
1 0.020828125 0.4966875 0.04165625 0.10679687499999999
1 0.47859375000000004 0.48365625 0.054390625000000005 0.08421875
5 0.7717031249999999 0.4425625 0.067703125 0.13396875
1 0.708328125 0.37048437500000003 0.041671875000000004 0.048859375
5 0.47975 0.4260625 0.049765625 0.0975
1 0.226859375 0.386125 0.050921875000000005 0.059281249999999994
1 0.267359375 0.340109375 0.041671875000000004 0.047109374999999995
1 0.2936875 0.415359375 0.035296875 0.05871875
1 0.54340625 0.37078125 0.052078124999999996 0.045953125
0 0.796296875 0.375984375 0.050921875000000005 0.0494375