2 0.82421875 0.59921875 0.125 0.1609375
2 0.52734375 0.528125 0.0890625 0.140625
2 0.42109375 0.53515625 0.090625 0.1421875
2 0.21015625 0.4640625 0.0796875 0.103125
2 0.284375 0.39921875 0.0546875 0.0921875
2 0.46171875 0.3890625 0.0359375 0.09375
1 0.8995468750000001 0.494421875 0.075890625 0.100453125
1 0.77009375 0.397328125 0.03571875 0.05803125
0 0.698109375 0.41907812499999997 0.03459375 0.052453125
0 0.516734375 0.41740625 0.029015625 0.049109375
0 0.2109375 0.375 0.024546875000000003 0.049109375
0 0.517859375 0.376671875 0.022328124999999997 0.03459375
0 0.4375 0.416296875 0.03571875 0.04240625
4 0.732140625 0.373890625 0.03571875 0.04240625
0 0.680796875 0.369984375 0.022328124999999997 0.04353125