2 0.49296875 0.53046875 0.0921875 0.1484375
2 0.74453125 0.46796875 0.071875 0.34375
0 0.20234375 0.51796875 0.0609375 0.0796875
1 0.559375 0.3 0.025 0.05
0 0.56171875 0.41484375 0.04375 0.053125
0 0.4828125 0.37109375 0.01875 0.040625
0 0.7015625 0.30078125 0.0328125 0.04375
0 0.6609375 0.315625 0.021875 0.0515625
0 0.23984375 0.32265625 0.0296875 0.0640625
0 0.28046875 0.35 0.0296875 0.0390625
0 0.31328125 0.34609375 0.0296875 0.0484375
0 0.409375 0.31796875 0.0375 0.0515625
0 0.4515625 0.35546875 0.0328125 0.05