2 0.175 0.57734375 0.1484375 0.19375
2 0.30390625 0.4390625 0.0671875 0.078125
2 0.484375 0.53359375 0.0765625 0.11875
2 0.58203125 0.534375 0.096875 0.1484375
2 0.5546875 0.45 0.0625 0.115625
2 0.7140625 0.40703125 0.05625 0.0890625
2 0.79765625 0.45390625 0.0890625 0.125
0 0.028125 0.5453125 0.05625 0.1125
1 0.228125 0.40859375 0.0328125 0.053125
1 0.48125 0.42578125 0.0328125 0.053125
0 0.79609375 0.37578125 0.025 0.046875
0 0.5359375 0.36484375 0.028125 0.0515625
0 0.32109375 0.37734375 0.021875 0.0453125
0 0.26640625 0.3703125 0.03125 0.0625
0 0.48359375 0.3796875 0.03125 0.0359375