2 0.58125 0.52890625 0.0890625 0.1453125
2 0.79609375 0.45234375 0.08125 0.109375
2 0.29921875 0.4359375 0.05 0.0890625
6 0.115625 0.5296875 0.140625 0.15625
1 0.22917187499999997 0.404953125 0.020828125 0.0546875
1 0.28515625 0.35285937500000003 0.018234375 0.036453124999999996
0 0.482421875 0.408859375 0.016921875 0.041671875000000004
0 0.552734375 0.40234375 0.022140625 0.041671875000000004
2 0.71159375 0.4016875 0.053390625000000004 0.092453125
0 0.772140625 0.37956249999999997 0.0234375 0.040359374999999996
0 0.477859375 0.486328125 0.0234375 0.045578125000000004