2 0.940625 0.559375 0.1125 0.2
2 0.81875 0.59296875 0.115625 0.1625
2 0.70078125 0.43359375 0.0640625 0.109375
2 0.51875 0.53046875 0.084375 0.1328125
2 0.4453125 0.4484375 0.05 0.103125
2 0.42578125 0.528125 0.0921875 0.1390625
2 0.28828125 0.41328125 0.0546875 0.1015625
1 0.21953125 0.371875 0.01875 0.0359375
1 0.20234375 0.4140625 0.0296875 0.0484375
2 0.46015625 0.39375 0.03125 0.0875
2 0.5203125 0.39921875 0.0453125 0.071875
2 0.72578125 0.3875 0.040625 0.0734375
2 0.76875 0.42109375 0.05625 0.0953125