2 0.290625 0.43828125 0.0609375 0.0890625
2 0.48359375 0.528125 0.06875 0.13125
2 0.57109375 0.5203125 0.096875 0.1546875
2 0.79375 0.46015625 0.078125 0.1203125
6 0.0875 0.58125 0.171875 0.19375
1 0.22890625 0.4 0.0234375 0.046875
2 0.2734375 0.3859375 0.046875 0.0921875
2 0.3265625 0.38984375 0.04375 0.0765625
1 0.54765625 0.40625 0.0171875 0.05
1 0.71328125 0.3765625 0.0171875 0.04375
0 0.78671875 0.37578125 0.021875 0.04375
5 0.47890625 0.41328125 0.0390625 0.05
2 0.48359375 0.44296875 0.0578125 0.096875