2 0.54921875 0.43671875 0.05625 0.1015625
2 0.58203125 0.5296875 0.09375 0.14375
2 0.48515625 0.52265625 0.0765625 0.1359375
6 0.0670625 0.55925 0.12890625 0.22785937500000003
6 0.23307812499999997 0.412765625 0.059890624999999996 0.1171875
1 0.275390625 0.34765625 0.01953125 0.0390625
1 0.30598437500000003 0.40234375 0.0234375 0.044265624999999996
6 0.4765625 0.430984375 0.049484375000000004 0.091140625
1 0.53971875 0.36457812500000003 0.01953125 0.036453124999999996
0 0.72590625 0.38151562499999997 0.016921875 0.033859375000000004
0 0.75715625 0.403640625 0.022140625 0.041671875000000004
0 0.790359375 0.373046875 0.026046875000000004 0.037765625000000004