2 0.290625 0.43828125 0.0609375 0.0890625
2 0.48359375 0.528125 0.06875 0.13125
2 0.57109375 0.5203125 0.096875 0.1546875
2 0.79375 0.46015625 0.078125 0.1203125
5 0.087125 0.580953125 0.172125 0.193125
1 0.228921875 0.399953125 0.022921875 0.047234375
2 0.27346875000000004 0.38565625 0.04690625 0.09159375
2 0.326890625 0.390203125 0.04415625 0.077234375
1 0.5475156250000001 0.40650000000000003 0.016890625 0.049921875
1 0.7130468750000001 0.376375 0.017203125 0.044375
0 0.7869843750000001 0.37571875 0.021843750000000002 0.0430625
4 0.478890625 0.41304687500000004 0.0384375 0.049984375
2 0.483875 0.44260937499999997 0.058328124999999995 0.096109375