2 0.70390625 0.43984375 0.0546875 0.1015625
2 0.41875 0.52890625 0.090625 0.1578125
2 0.2046875 0.4546875 0.0796875 0.1140625
2 0.2890625 0.403125 0.05 0.096875
0 0.525390625 0.477859375 0.032546874999999996 0.059890624999999996
6 0.9205781249999999 0.557296875 0.109375 0.234375
0 0.522140625 0.40690625 0.018234375 0.040359374999999996
0 0.45246875 0.40234375 0.01953125 0.044265624999999996
0 0.23176562500000003 0.37760937499999997 0.020828125 0.036453124999999996
0 0.776046875 0.40625 0.020828125 0.046875
0 0.71484375 0.35676562500000003 0.018234375 0.044265624999999996