2 0.49296875 0.53046875 0.0921875 0.1484375
2 0.74453125 0.46796875 0.071875 0.34375
0 0.20201562499999998 0.517859375 0.060265625 0.080359375
1 0.55915625 0.299671875 0.024546875000000003 0.05021875
0 0.5619375 0.414625 0.04353125 0.052453125
0 0.482703125 0.37109375 0.01896875 0.041296875
0 0.701453125 0.30078125 0.032359375 0.04353125
0 0.66071875 0.31584375 0.022328124999999997 0.05134375
0 0.239953125 0.322546875 0.029015625 0.064734375
0 0.280140625 0.349890625 0.029015625 0.0390625
0 0.313609375 0.345984375 0.029015625 0.049109375
0 0.40904687500000003 0.318078125 0.036828125 0.05134375
0 0.451453125 0.35546875 0.032359375 0.05021875