2 0.28671875 0.43984375 0.078125 0.1171875
2 0.06640625 0.553125 0.11875 0.2296875
2 0.571875 0.5125 0.08125 0.13125
2 0.79765625 0.4609375 0.08125 0.1140625
2 0.32578125 0.39296875 0.0578125 0.08125
0 0.22321875000000002 0.575890625 0.116078125 0.196421875
1 0.48939062499999997 0.514515625 0.05915625 0.131703125
0 0.482703125 0.41015625 0.032359375 0.052453125
0 0.55021875 0.400109375 0.037953125 0.05021875
2 0.713734375 0.40514062500000003 0.056921875 0.087046875
1 0.783484375 0.369984375 0.03125 0.03459375