2 0.0390625 0.59140625 0.0765625 0.18125
2 0.23046875 0.4234375 0.0546875 0.0953125
2 0.26875 0.390625 0.05 0.084375
2 0.296875 0.43515625 0.053125 0.0890625
2 0.3296875 0.39140625 0.04375 0.075
2 0.48515625 0.396875 0.05625 0.0734375
2 0.471875 0.43515625 0.0390625 0.09375
2 0.58359375 0.52734375 0.090625 0.1453125
2 0.55078125 0.4359375 0.0515625 0.1078125
2 0.796875 0.45859375 0.0875 0.103125
2 0.72421875 0.40234375 0.05625 0.09375
1 0.48359375 0.48359375 0.0578125 0.0703125
0 0.7859375 0.36796875 0.03125 0.040625