2 0.64375 0.72421875 0.28125 0.525
2 0.06328125 0.54765625 0.1 0.209375
2 0.29296875 0.4390625 0.06875 0.1
2 0.26015625 0.38359375 0.0515625 0.1078125
2 0.56875 0.5078125 0.0671875 0.1453125
2 0.8 0.46171875 0.078125 0.1234375
1 0.1984375 0.5578125 0.075 0.1515625
1 0.48671875 0.51640625 0.06875 0.1375
1 0.47265625 0.4125 0.034375 0.0609375
1 0.54609375 0.403125 0.0390625 0.0515625
1 0.71171875 0.38046875 0.0265625 0.0421875
1 0.778125 0.3703125 0.0328125 0.0453125
1 0.22421875 0.40703125 0.0375 0.06875