2 0.29453125 0.43125 0.0671875 0.0875
2 0.484375 0.540625 0.0671875 0.1390625
2 0.57734375 0.51875 0.0859375 0.1546875
1 0.05703125 0.46875 0.0359375 0.0609375
1 0.22395312500000003 0.39714062499999997 0.020828125 0.046875
1 0.26953125 0.36848437500000003 0.0234375 0.0390625
0 0.549484375 0.403640625 0.026046875000000004 0.041671875000000004
0 0.490234375 0.428390625 0.024734375 0.0390625
5 0.475265625 0.4140625 0.044265624999999996 0.049484375000000004
1 0.713546875 0.37565624999999997 0.020828125 0.037765625000000004
5 0.787765625 0.4576875 0.075515625 0.118484375
0 0.787109375 0.37565624999999997 0.01953125 0.037765625000000004