2 0.44921875 0.43671875 0.0546875 0.1015625
2 0.41796875 0.52265625 0.090625 0.1515625
1 0.24098437499999997 0.405015625 0.03 0.048578125
1 0.28478125 0.37365624999999997 0.029656250000000002 0.043109375
0 0.20945312500000002 0.37092187499999996 0.018062500000000002 0.041734375000000004
5 0.7655624999999999 0.41867187499999997 0.036125000000000004 0.10040625
5 0.5259375000000001 0.49828124999999995 0.055906250000000005 0.143046875
5 0.9673125 0.55096875 0.065375 0.24228125
1 0.45931249999999996 0.36990625 0.031015625 0.047875
0 0.523890625 0.403484375 0.027265624999999998 0.043453124999999995
1 0.6820625 0.394796875 0.024546875000000003 0.036296875
0 0.720234375 0.3470625 0.027265624999999998 0.0471875