2 0.1 0.525 0.0875 0.1640625
2 0.16953125 0.60234375 0.115625 0.1671875
2 0.48671875 0.5359375 0.09375 0.125
2 0.58671875 0.53046875 0.090625 0.1625
2 0.29921875 0.4421875 0.06875 0.1
2 0.26484375 0.3859375 0.053125 0.0890625
2 0.3296875 0.3890625 0.053125 0.0890625
2 0.7140625 0.4046875 0.059375 0.0953125
2 0.79140625 0.45625 0.078125 0.1078125
1 0.228953125 0.40334375 0.022046875 0.044859375
1 0.481421875 0.41634374999999996 0.017109375 0.034671875000000005
1 0.536265625 0.3961875 0.016609375000000003 0.028890624999999996
1 0.477796875 0.37907812500000004 0.016453125 0.03415625
1 0.539234375 0.3641875 0.015953125000000002 0.025750000000000002