2 0.175 0.5921875 0.1234375 0.2046875
2 0.2671875 0.396875 0.0484375 0.09375
2 0.4890625 0.521875 0.084375 0.1453125
2 0.57890625 0.5296875 0.090625 0.159375
2 0.7171875 0.40234375 0.05625 0.1046875
2 0.7984375 0.46171875 0.0734375 0.128125
0 0.10770312500000001 0.4921875 0.05915625 0.087046875
5 0.533484375 0.41740625 0.053578125 0.09375
1 0.474890625 0.408484375 0.03459375 0.044640625
0 0.776234375 0.37834375 0.025671875 0.046875
1 0.22599999999999998 0.40625 0.036828125 0.05803125
1 0.3130625 0.40514062500000003 0.036828125 0.055796875