2 0.47890625 0.52421875 0.090625 0.121875
2 0.584375 0.53203125 0.0875 0.1328125
0 0.20814062500000002 0.502234375 0.041296875 0.06696875
5 0.071984375 0.545765625 0.126109375 0.180796875
0 0.30915625 0.3984375 0.02678125 0.04240625
0 0.23381249999999998 0.400671875 0.025671875 0.049109375
4 0.484375 0.412390625 0.017859375 0.036828125
1 0.55803125 0.392859375 0.017859375 0.037953125
2 0.272875 0.399 0.052453125 0.083703125
4 0.796875 0.42857812500000003 0.024546875000000003 0.05134375
1 0.712609375 0.376671875 0.016734375000000003 0.045765625
0 0.790171875 0.369984375 0.024546875000000003 0.045765625
4 0.476 0.381703125 0.016734375000000003 0.03125