2 0.85078125 0.59765625 0.115625 0.1546875
2 0.51640625 0.53984375 0.0875 0.1328125
2 0.2015625 0.4640625 0.0875 0.1125
2 0.28046875 0.40078125 0.053125 0.0984375
5 0.7468281250000001 0.40859375 0.076671875 0.103609375
1 0.726125 0.371140625 0.017328125 0.041703125
0 0.6756562500000001 0.36324999999999996 0.021109375 0.02853125
1 0.66325 0.40515625 0.014687500000000001 0.0368125
0 0.427796875 0.44315625000000003 0.019640625000000002 0.055546874999999996
5 0.449875 0.440625 0.050796875 0.0843125
0 0.224890625 0.381609375 0.018984375 0.0418125
2 0.5159687500000001 0.393484375 0.040999999999999995 0.078578125
0 0.458546875 0.37243750000000003 0.016015625 0.03909375