2 0.72578125 0.3875 0.046875 0.0859375
2 0.76484375 0.42578125 0.05 0.0890625
2 0.5109375 0.515625 0.0734375 0.1578125
1 0.41796875 0.47209375 0.045765625 0.069203125
5 0.9129531249999999 0.486046875 0.174109375 0.342640625
0 0.21875 0.36271875 0.02678125 0.046875
0 0.2963125 0.369421875 0.025671875 0.046875
0 0.24329687500000002 0.44642187499999997 0.040171875 0.05803125
0 0.521203125 0.41126562499999997 0.015625 0.041296875
0 0.45032812499999997 0.40345312499999997 0.0390625 0.047984375
0 0.651234375 0.32421875 0.03459375 0.0546875