2 0.05859375 0.60234375 0.090625 0.209375
2 0.15859375 0.5875 0.1234375 0.1796875
2 0.29609375 0.44375 0.0578125 0.096875
2 0.3296875 0.3921875 0.05625 0.078125
2 0.265625 0.39921875 0.0484375 0.09375
2 0.56875 0.50859375 0.084375 0.140625
2 0.71640625 0.409375 0.0546875 0.0796875
2 0.7953125 0.45625 0.08125 0.1109375
0 0.483078125 0.48371875 0.036453124999999996 0.06640625
0 0.47721875 0.411453125 0.016921875 0.044265624999999996
0 0.550125 0.404953125 0.01953125 0.049484375000000004
0 0.7701875 0.37629687500000003 0.024734375 0.036453124999999996
0 0.224609375 0.4108125 0.029953125000000004 0.055984374999999996