6 0.075 0.57890625 0.146875 0.190625
2 0.29609375 0.43984375 0.05625 0.0796875
2 0.27421875 0.38671875 0.04375 0.0859375
2 0.32578125 0.39375 0.046875 0.075
2 0.4734375 0.43671875 0.0453125 0.09375
2 0.55 0.43515625 0.053125 0.1015625
2 0.58125 0.528125 0.0953125 0.140625
2 0.71328125 0.4015625 0.0515625 0.0765625
2 0.79375 0.4546875 0.0796875 0.115625
0 0.4798125 0.48828125 0.02734375 0.057296875000000004
1 0.2265625 0.404296875 0.0234375 0.04296875
0 0.77409375 0.37760937499999997 0.01953125 0.044265624999999996