2 0.28828125 0.43671875 0.0734375 0.125
2 0.4875 0.528125 0.08125 0.13125
2 0.57421875 0.51328125 0.0875 0.1515625
2 0.33203125 0.3953125 0.0625 0.09375
4 0.790265625 0.42417187500000003 0.0258125 0.048796875
2 0.7827968750000001 0.46034375 0.082875 0.121171875
1 0.717625 0.379640625 0.018546874999999997 0.040484375
0 0.79746875 0.38225 0.027187499999999996 0.035265625
1 0.054078125 0.46871875 0.04290625 0.070203125
2 0.485171875 0.447171875 0.060921875 0.084375
1 0.54884375 0.40125 0.019515625 0.044625