2 0.54921875 0.43671875 0.0578125 0.1046875
2 0.5796875 0.52578125 0.09375 0.159375
5 0.040515625 0.576 0.08101562500000001 0.2654375
5 0.230328125 0.41304687500000004 0.0648125 0.130484375
5 0.473375 0.5042187499999999 0.0648125 0.13573437500000002
1 0.760703125 0.408109375 0.038765625 0.04771875
1 0.7164375 0.377734375 0.03703125 0.05290625
1 0.541375 0.36440625 0.023734375 0.040171875
1 0.318859375 0.403484375 0.0335625 0.05234375
0 0.277484375 0.34503125 0.037609375 0.053468749999999995
0 0.47367187499999996 0.40464062500000003 0.027203125 0.040765625