2 0.17578125 0.59921875 0.125 0.1609375
2 0.47265625 0.528125 0.0890625 0.140625
2 0.57890625 0.53515625 0.090625 0.1421875
2 0.78984375 0.4640625 0.0796875 0.103125
2 0.715625 0.39921875 0.0546875 0.0921875
2 0.53828125 0.3890625 0.0359375 0.09375
1 0.10703125 0.484375 0.0453125 0.065625
1 0.2328125 0.396875 0.025 0.05
0 0.2671875 0.37421875 0.0234375 0.046875
0 0.4828125 0.41953125 0.021875 0.046875
1 0.298828125 0.572921875 0.069015625 0.177078125
0 0.7890625 0.37825000000000003 0.0234375 0.048171874999999996
0 0.30078125 0.416015625 0.018234375 0.045578125000000004