2 0.0390625 0.5875 0.078125 0.178125
2 0.228125 0.42578125 0.059375 0.1015625
2 0.296875 0.4296875 0.05625 0.0984375
2 0.2703125 0.38984375 0.046875 0.084375
2 0.3296875 0.38984375 0.0453125 0.08125
2 0.47265625 0.43671875 0.0390625 0.096875
2 0.484375 0.4015625 0.053125 0.0828125
2 0.540625 0.39765625 0.04375 0.0828125
2 0.54921875 0.4359375 0.0515625 0.1015625
2 0.48671875 0.51953125 0.075 0.1359375
2 0.58515625 0.5234375 0.0859375 0.1375
2 0.79765625 0.45859375 0.0796875 0.1140625
2 0.72265625 0.409375 0.0546875 0.0890625