2 0.853125 0.59921875 0.1421875 0.165625
2 0.51484375 0.5359375 0.08125 0.1125
2 0.421875 0.528125 0.071875 0.1359375
2 0.70625 0.4375 0.0578125 0.096875
2 0.671875 0.39140625 0.05 0.0859375
1 0.20703125 0.428015625 0.0390625 0.052453125
0 0.22990624999999998 0.385046875 0.03125 0.05134375
4 0.28515625 0.38615625 0.025671875 0.040171875
1 0.51953125 0.41740625 0.03459375 0.044640625
4 0.44251562499999997 0.4369375 0.041296875 0.052453125
1 0.772328125 0.40735937499999997 0.022328124999999997 0.055796875
1 0.73884375 0.37109375 0.02678125 0.041296875