2 0.9609375 0.59140625 0.0765625 0.18125
2 0.76953125 0.4234375 0.0546875 0.0953125
2 0.73125 0.390625 0.05 0.084375
2 0.703125 0.43515625 0.053125 0.0890625
2 0.6703125 0.39140625 0.04375 0.075
2 0.51484375 0.396875 0.05625 0.0734375
2 0.528125 0.43515625 0.0390625 0.09375
2 0.41640625 0.52734375 0.090625 0.1453125
2 0.44921875 0.4359375 0.0515625 0.1078125
2 0.203125 0.45859375 0.0875 0.103125
2 0.27578125 0.40234375 0.05625 0.09375
0 0.516140625 0.47982812499999994 0.027046874999999998 0.06115625
0 0.20995312500000002 0.3691875 0.024046875000000002 0.045609375