2 0.16875 0.59453125 0.1328125 0.184375
2 0.29609375 0.4390625 0.0671875 0.096875
2 0.3265625 0.3859375 0.0515625 0.1046875
2 0.57578125 0.528125 0.0890625 0.1484375
2 0.5515625 0.440625 0.0640625 0.1
2 0.8078125 0.46796875 0.09375 0.0953125
4 0.48717187500000003 0.46484375 0.01896875 0.052453125
4 0.028453125000000003 0.50725 0.056906250000000005 0.0859375
2 0.228234375 0.419640625 0.061390625 0.087046875
2 0.720984375 0.383375 0.022328124999999997 0.045765625
1 0.478046875 0.40670312500000005 0.016843749999999998 0.0390625
0 0.487625 0.36698437500000003 0.011703125 0.032546874999999996
0 0.266515625 0.367875 0.019125 0.041281250000000005