6 0.07890625 0.578125 0.1453125 0.1984375
2 0.275 0.3890625 0.0484375 0.09375
2 0.47421875 0.4421875 0.0390625 0.096875
2 0.5515625 0.43828125 0.0515625 0.103125
2 0.58359375 0.51875 0.0875 0.1453125
2 0.71484375 0.4015625 0.04375 0.0859375
2 0.7953125 0.4546875 0.0796875 0.1140625
0 0.48125 0.48359375 0.0328125 0.065625
1 0.22785937500000003 0.403640625 0.020828125 0.046875
0 0.772140625 0.375 0.020828125 0.0390625
0 0.319953125 0.37287499999999996 0.019171874999999998 0.038359375
0 0.29757812499999997 0.41618750000000004 0.0213125 0.045453125