2 0.16953125 0.60234375 0.13125 0.15625
2 0.4859375 0.5109375 0.0734375 0.13125
2 0.5765625 0.5265625 0.090625 0.1703125
2 0.803125 0.465625 0.075 0.10625
2 0.55859375 0.44453125 0.05 0.0953125
2 0.2953125 0.4359375 0.059375 0.0953125
2 0.26875 0.3875 0.0453125 0.0984375
0 0.05078125 0.5005625 0.052453125 0.09040625
1 0.48103125 0.4068125 0.024546875000000003 0.05021875
1 0.720984375 0.38225 0.02678125 0.041296875
0 0.775671875 0.380015625 0.029015625 0.036828125
1 0.22935937499999998 0.40178125 0.04353125 0.049109375