6 0.0796875 0.58046875 0.1578125 0.1921875
2 0.2734375 0.3890625 0.05 0.0921875
2 0.32734375 0.3890625 0.0421875 0.0796875
2 0.29453125 0.4421875 0.059375 0.0828125
2 0.47421875 0.4421875 0.0453125 0.096875
2 0.54921875 0.4328125 0.0546875 0.1015625
2 0.57890625 0.525 0.0875 0.1453125
2 0.7140625 0.39921875 0.046875 0.0859375
2 0.79609375 0.45234375 0.078125 0.1171875
2 0.221875 0.43203125 0.06875 0.11875
0 0.48125 0.37734375 0.05625 0.0671875
1 0.48359375 0.48359375 0.0265625 0.0546875
0 0.7765625 0.38203125 0.0296875 0.0453125