2 0.30234375 0.4375 0.05625 0.1015625
2 0.3265625 0.39140625 0.053125 0.0921875
2 0.578125 0.52890625 0.09375 0.1671875
4 0.47990625 0.514515625 0.09821875 0.14509375
1 0.21540625000000002 0.569203125 0.11384375 0.19196875
1 0.799671875 0.45646875 0.09040625 0.13615625
0 0.49107812500000003 0.415734375 0.022328124999999997 0.036828125
0 0.05525 0.5005625 0.056921875 0.077015625
1 0.71875 0.37165625 0.03571875 0.055796875
1 0.55859375 0.40123437500000003 0.0234375 0.04353125
1 0.234375 0.400109375 0.03125 0.068078125