2 0.16953125 0.60234375 0.13125 0.15625
2 0.4859375 0.5109375 0.0734375 0.13125
2 0.5765625 0.5265625 0.090625 0.1703125
2 0.803125 0.465625 0.075 0.10625
2 0.55859375 0.44453125 0.05 0.0953125
2 0.2953125 0.4359375 0.059375 0.0953125
2 0.26875 0.3875 0.0453125 0.0984375
0 0.04578125 0.4975625 0.0420625 0.08621875
1 0.228265625 0.398625 0.021609375 0.041984375000000004
1 0.47621874999999997 0.407125 0.017499999999999998 0.040765625
1 0.72153125 0.380953125 0.016 0.043109375
0 0.773890625 0.379 0.016484375000000002 0.044390625
4 0.490046875 0.388921875 0.0581875 0.085078125
2 0.326890625 0.39609375 0.04415625 0.073375