2 0.64375 0.72421875 0.28125 0.525
2 0.06328125 0.54765625 0.1 0.209375
2 0.29296875 0.4390625 0.06875 0.1
2 0.26015625 0.38359375 0.0515625 0.1078125
2 0.56875 0.5078125 0.0671875 0.1453125
2 0.8 0.46171875 0.078125 0.1234375
1 0.198109375 0.55803125 0.07478125 0.15178125
1 0.486609375 0.5161875 0.069203125 0.13728125
1 0.47265625 0.412390625 0.03459375 0.061390625
1 0.5463125 0.40290625 0.0390625 0.05134375
1 0.712046875 0.380578125 0.02678125 0.04240625
1 0.77790625 0.37053125 0.033484375 0.044640625
1 0.224328125 0.4068125 0.037953125 0.068078125