2 0.0890625 0.5296875 0.1140625 0.190625
2 0.1734375 0.590625 0.121875 0.1953125
2 0.26640625 0.4 0.05 0.09375
2 0.58203125 0.52265625 0.0890625 0.1546875
2 0.79140625 0.4640625 0.0875 0.13125
2 0.47578125 0.440625 0.0515625 0.0859375
1 0.49107812500000003 0.486046875 0.049109375 0.06584375
1 0.551890625 0.399546875 0.032359375 0.044640625
1 0.22767187500000002 0.416296875 0.03571875 0.055796875
1 0.297984375 0.41853125 0.02678125 0.046875
1 0.72265625 0.377234375 0.030140624999999997 0.040171875
1 0.775671875 0.372203125 0.029015625 0.0390625