2 0.5171875 0.525 0.0828125 0.1375
2 0.421875 0.525 0.096875 0.1546875
2 0.45078125 0.43359375 0.0578125 0.1046875
0 0.701453125 0.400671875 0.02790625 0.05134375
1 0.772875 0.390625 0.041296875 0.0625
0 0.533484375 0.407921875 0.02678125 0.04353125
0 0.23771874999999998 0.407921875 0.033484375 0.052453125
0 0.21204687500000002 0.373890625 0.02678125 0.046875
0 0.2734375 0.384484375 0.029015625 0.045765625
0 0.72321875 0.356578125 0.03571875 0.04353125
0 0.674109375 0.365515625 0.02678125 0.047984375