2 0.58125 0.5265625 0.090625 0.15625
2 0.55 0.434375 0.0625 0.1015625
6 0.234375 0.41484375 0.046875 0.1015625
6 0.0671875 0.56796875 0.1265625 0.2125
0 0.759375 0.4078125 0.021875 0.0453125
0 0.29426562500000003 0.4095 0.026046875000000004 0.045578125000000004
0 0.27473437500000003 0.34635937499999997 0.020828125 0.041671875000000004
0 0.322265625 0.36979687499999997 0.01953125 0.036453124999999996
0 0.4765625 0.40690625 0.020828125 0.04296875
1 0.475265625 0.473953125 0.026046875000000004 0.049484375000000004
0 0.716796875 0.37760937499999997 0.01953125 0.044265624999999996
0 0.791671875 0.36589062499999997 0.018234375 0.036453124999999996