2 0.271875 0.39296875 0.0484375 0.0859375
2 0.32578125 0.39140625 0.046875 0.0828125
2 0.5515625 0.434375 0.05625 0.10625
2 0.5828125 0.5234375 0.090625 0.146875
1 0.4859375 0.49296875 0.0484375 0.084375
0 0.7578125 0.41171875 0.0328125 0.05625
0 0.49140625 0.421875 0.0359375 0.053125
0 0.4828125 0.3765625 0.0328125 0.0484375
0 0.715625 0.37734375 0.0328125 0.0671875
0 0.79765625 0.3875 0.0328125 0.0515625
0 0.296875 0.412765625 0.0234375 0.044265624999999996
0 0.22590625000000003 0.40234375 0.02734375 0.052078124999999996