2 0.16953125 0.60234375 0.13125 0.15625
2 0.4859375 0.5109375 0.0734375 0.13125
2 0.5765625 0.5265625 0.090625 0.1703125
2 0.803125 0.465625 0.075 0.10625
2 0.55859375 0.44453125 0.05 0.0953125
2 0.2953125 0.4359375 0.059375 0.0953125
2 0.26875 0.3875 0.0453125 0.0984375
0 0.04453125 0.49609375 0.0421875 0.08125
1 0.4765625 0.40625 0.015625 0.0390625
1 0.72109375 0.384375 0.015625 0.0421875
0 0.77265625 0.37734375 0.0171875 0.0359375
1 0.22785937500000003 0.3984375 0.020828125 0.041671875000000004