2 0.47890625 0.52421875 0.090625 0.121875
2 0.584375 0.53203125 0.0875 0.1328125
0 0.2078125 0.50234375 0.040625 0.0671875
6 0.071875 0.54609375 0.1265625 0.18125
0 0.309375 0.3984375 0.0265625 0.0421875
0 0.23359375 0.40078125 0.025 0.0484375
5 0.484375 0.4125 0.0171875 0.0375
1 0.5578125 0.39296875 0.0171875 0.0375
2 0.27265625 0.39921875 0.053125 0.084375
5 0.796875 0.42890625 0.025 0.0515625
1 0.7125 0.3765625 0.0171875 0.0453125
0 0.78984375 0.3703125 0.025 0.0453125
5 0.47578125 0.38203125 0.0171875 0.03125