2 0.325 0.39140625 0.0484375 0.08125
2 0.55 0.4359375 0.0625 0.0984375
2 0.5796875 0.5265625 0.0953125 0.15
1 0.02109375 0.496875 0.0421875 0.10625
1 0.47890625 0.48359375 0.0546875 0.084375
6 0.771875 0.4421875 0.0671875 0.134375
1 0.70859375 0.3703125 0.0421875 0.0484375
6 0.4796875 0.42578125 0.05 0.096875
1 0.2265625 0.3859375 0.0515625 0.059375
1 0.2671875 0.33984375 0.0421875 0.046875
1 0.29375 0.415625 0.0359375 0.059375
1 0.54375 0.37109375 0.0515625 0.0453125
0 0.79609375 0.37578125 0.0515625 0.05