2 0.41953125 0.52578125 0.10625 0.1765625
2 0.81640625 0.60390625 0.1703125 0.159375
2 0.29140625 0.40234375 0.071875 0.115625
2 0.2015625 0.459375 0.0953125 0.125
0 0.515625 0.46159375 0.028640624999999996 0.055984374999999996
1 0.704421875 0.420578125 0.026046875000000004 0.046875
0 0.673828125 0.37043750000000003 0.022140625 0.040359374999999996
1 0.729171875 0.3671875 0.0234375 0.041671875000000004
1 0.451828125 0.3984375 0.0234375 0.041671875000000004
0 0.520828125 0.40690625 0.0234375 0.04296875
1 0.23503124999999997 0.37760937499999997 0.022140625 0.0390625
0 0.9036406250000001 0.490890625 0.0390625 0.072921875