2 0.03828125 0.58671875 0.0765625 0.1828125
2 0.23125 0.42265625 0.05 0.0859375
2 0.2703125 0.38828125 0.0453125 0.078125
2 0.29921875 0.434375 0.046875 0.0890625
2 0.3296875 0.39296875 0.0453125 0.08125
2 0.4703125 0.43359375 0.0390625 0.096875
2 0.4875 0.4015625 0.0515625 0.071875
2 0.540625 0.39375 0.04375 0.084375
2 0.55 0.43359375 0.0546875 0.0921875
2 0.48671875 0.52421875 0.075 0.1296875
2 0.58359375 0.5265625 0.0890625 0.1453125
2 0.7265625 0.4109375 0.05625 0.0765625
2 0.796875 0.45703125 0.0828125 0.10625