2 0.48125 0.515625 0.078125 0.1609375
2 0.275 0.39296875 0.046875 0.0859375
5 0.092078125 0.47545312500000003 0.1484375 0.37053125
1 0.5865 0.470984375 0.0390625 0.0625
0 0.768421875 0.42578125 0.032359375 0.061390625
0 0.787390625 0.3599375 0.025671875 0.045765625
0 0.709828125 0.37165625 0.022328124999999997 0.05134375
0 0.556359375 0.41015625 0.036828125 0.047984375
0 0.356578125 0.325890625 0.0390625 0.05803125
0 0.23828125 0.38615625 0.030140624999999997 0.040171875
1 0.48326562500000003 0.40735937499999997 0.029015625 0.04240625
0 0.48548437499999997 0.365515625 0.015625 0.0390625
0 0.544078125 0.37165625 0.021203125 0.037953125