3 0.909375 0.3421875 0.09375 0.2703125
6 0.275171875 0.394234375 0.1024375 0.193578125
6 0.79340625 0.4145 0.1006875 0.18548437499999998
6 0.73234375 0.2075625 0.06539062500000001 0.143125
0 0.0711875 0.16703125000000002 0.045140625000000004 0.069015625
1 0.537890625 0.6012187499999999 0.0484375 0.10790625000000001
1 0.12715625 0.162015625 0.035546875 0.073265625
4 0.966796875 0.601796875 0.0625 0.112984375
0 0.523234375 0.183703125 0.030859375 0.05803125
1 0.96796875 0.5934062499999999 0.05703125 0.12353125000000001
0 0.534765625 0.36735937500000004 0.0265625 0.065953125