2 0.17578125 0.59921875 0.125 0.1609375
2 0.47265625 0.528125 0.0890625 0.140625
2 0.57890625 0.53515625 0.090625 0.1421875
2 0.78984375 0.4640625 0.0796875 0.103125
2 0.715625 0.39921875 0.0546875 0.0921875
2 0.53828125 0.3890625 0.0359375 0.09375
1 0.11495312499999999 0.48103125 0.055796875 0.091515625
0 0.30803125 0.419640625 0.03571875 0.044640625
1 0.236046875 0.400109375 0.03459375 0.068078125
0 0.790734375 0.37834375 0.032359375 0.033484375
0 0.48548437499999997 0.41517187499999997 0.029015625 0.044640625