2 0.8296875 0.5890625 0.1171875 0.16875
2 0.7 0.43515625 0.0671875 0.0796875
2 0.67109375 0.390625 0.059375 0.0828125
2 0.51796875 0.52578125 0.078125 0.134375
2 0.41953125 0.53203125 0.0875 0.1609375
1 0.201453125 0.43079687499999997 0.045765625 0.05803125
0 0.2890625 0.385609375 0.04240625 0.047984375
1 0.22935937499999998 0.38225 0.03459375 0.0546875
0 0.44420312500000003 0.420203125 0.04240625 0.0546875
0 0.518421875 0.41295312500000003 0.032359375 0.046875
0 0.770640625 0.412390625 0.041296875 0.05915625
0 0.733265625 0.365515625 0.024546875000000003 0.047984375