2 0.69765625 0.4375 0.05625 0.1015625
2 0.6734375 0.39140625 0.053125 0.0921875
2 0.421875 0.52890625 0.09375 0.1671875
0 0.95 0.503125 0.0484375 0.0734375
1 0.78828125 0.51015625 0.0296875 0.0609375
1 0.76640625 0.4015625 0.025 0.0484375
1 0.20703125 0.42421875 0.028125 0.0546875
1 0.27890625 0.37421875 0.0171875 0.040625
1 0.20625 0.365625 0.01875 0.0390625
1 0.44375 0.39921875 0.0171875 0.0359375
1 0.5078125 0.41796875 0.015625 0.0375
1 0.5203125 0.378125 0.0125 0.0328125
0 0.4578125 0.36875 0.0171875 0.0421875
5 0.516609375 0.52409375 0.072265625 0.145828125
0 0.73503125 0.37956249999999997 0.01953125 0.040359374999999996