2 0.940625 0.559375 0.1125 0.2
2 0.81875 0.59296875 0.115625 0.1625
2 0.70078125 0.43359375 0.0640625 0.109375
2 0.51875 0.53046875 0.084375 0.1328125
2 0.4453125 0.4484375 0.05 0.103125
2 0.42578125 0.528125 0.0921875 0.1390625
2 0.28828125 0.41328125 0.0546875 0.1015625
1 0.21931250000000002 0.37165625 0.01896875 0.03571875
1 0.20201562499999998 0.4140625 0.029015625 0.049109375
2 0.45982812500000003 0.393421875 0.03125 0.088171875
2 0.520640625 0.399 0.045765625 0.072546875
2 0.726 0.38728125 0.041296875 0.07365625
2 0.768421875 0.4213125 0.056921875 0.094859375