2 0.52421875 0.42734375 0.05 0.09375
2 0.21015625 0.46484375 0.09375 0.1421875
2 0.41875 0.52421875 0.0984375 0.16875
2 0.83515625 0.5890625 0.134375 0.1765625
1 0.2825625 0.37178125 0.020828125 0.040390625
1 0.228265625 0.37243750000000003 0.018984375 0.03909375
2 0.9083593750000001 0.544296875 0.1078125 0.1875
0 0.701828125 0.418265625 0.02346875 0.0448125
1 0.510921875 0.4798125 0.029609375 0.055921874999999996
2 0.77171875 0.423609375 0.068578125 0.08937500000000001
0 0.679015625 0.376375 0.016859375 0.041749999999999995
0 0.7365 0.3698125 0.0244375 0.0390625
1 0.45332812499999997 0.39860937500000004 0.021203125 0.03675