2 0.0953125 0.54921875 0.121875 0.1984375
2 0.196875 0.5796875 0.1265625 0.2
2 0.49453125 0.54140625 0.0921875 0.1625
2 0.58203125 0.53046875 0.078125 0.1703125
2 0.71875 0.4 0.053125 0.115625
2 0.8 0.465625 0.0859375 0.1140625
2 0.29375 0.4359375 0.075 0.109375
2 0.236609375 0.42076562500000003 0.0625 0.100453125
0 0.787390625 0.37053125 0.0234375 0.046875
5 0.470421875 0.43415625 0.0546875 0.095984375
0 0.53459375 0.396765625 0.02009375 0.036828125
0 0.4838125 0.3755625 0.014515624999999999 0.036828125