2 0.29765625 0.42890625 0.053125 0.1
2 0.03984375 0.58515625 0.078125 0.1796875
2 0.55078125 0.43359375 0.05625 0.1046875
2 0.48671875 0.51953125 0.0796875 0.1390625
2 0.584375 0.52890625 0.090625 0.1453125
2 0.7945625 0.45384375 0.061343749999999996 0.104453125
2 0.22221875 0.424046875 0.0694375 0.13859375000000002
5 0.478296875 0.441703125 0.04340625 0.11487499999999999
2 0.723671875 0.41071875 0.054984374999999995 0.0841875
0 0.789640625 0.36528125 0.04803125 0.059265625
2 0.33214062499999997 0.381875 0.058609375 0.088640625
0 0.48475 0.371890625 0.02778125 0.0478125
0 0.54009375 0.362546875 0.026484374999999998 0.04215625
0 0.26396875 0.36906249999999996 0.042109375 0.049984375