2 0.83125 0.59453125 0.1328125 0.184375
2 0.70390625 0.4390625 0.0671875 0.096875
2 0.6734375 0.3859375 0.0515625 0.1046875
2 0.42421875 0.528125 0.0890625 0.1484375
2 0.4484375 0.440625 0.0640625 0.1
2 0.1921875 0.46796875 0.09375 0.0953125
1 0.22425 0.38178125 0.035296875 0.0540625
0 0.28240625 0.387859375 0.043984375 0.06275
4 0.51128125 0.46860937500000005 0.026046875000000004 0.04715625
1 0.51909375 0.40232812500000004 0.03125 0.050031250000000006
0 0.773140625 0.40579687499999995 0.03240625 0.043078125
0 0.9635468749999999 0.5094218749999999 0.06596874999999999 0.132265625
1 0.73090625 0.361234375 0.0243125 0.04421875
1 0.45804687499999996 0.37309375 0.030671874999999998 0.043640625
1 0.508390625 0.361234375 0.034140625 0.04421875