2 0.16875 0.59453125 0.1328125 0.184375
2 0.29609375 0.4390625 0.0671875 0.096875
2 0.3265625 0.3859375 0.0515625 0.1046875
2 0.57578125 0.528125 0.0890625 0.1484375
2 0.5515625 0.440625 0.0640625 0.1
2 0.8078125 0.46796875 0.09375 0.0953125
5 0.4875 0.46484375 0.01875 0.053125
5 0.028125 0.50703125 0.05625 0.0859375
2 0.228125 0.41953125 0.0609375 0.0875
2 0.72109375 0.38359375 0.021875 0.0453125
1 0.478125 0.40703125 0.0171875 0.0390625
0 0.4875 0.3671875 0.0109375 0.0328125
0 0.26640625 0.36796875 0.01875 0.040625