2 0.15234375 0.58984375 0.1296875 0.1546875
2 0.29296875 0.43828125 0.0578125 0.1
2 0.58046875 0.5234375 0.0859375 0.1296875
2 0.47734375 0.51796875 0.0765625 0.1375
2 0.54609375 0.45078125 0.046875 0.0921875
0 0.48371875 0.42415624999999996 0.022140625 0.035812500000000004
1 0.26171875 0.3688125 0.020828125 0.037109375
0 0.2281875 0.404296875 0.02278125 0.049484375000000004
0 0.714515625 0.387046875 0.01628125 0.039718750000000004
0 0.777015625 0.376625 0.018875 0.042312499999999996
1 0.79296875 0.42154687500000004 0.026046875000000004 0.048828125