2 0.09296875 0.546875 0.1015625 0.178125
2 0.17734375 0.59375 0.1125 0.1828125
2 0.26328125 0.38984375 0.0515625 0.0984375
2 0.49375 0.53046875 0.08125 0.153125
2 0.5828125 0.53046875 0.0828125 0.1453125
2 0.71484375 0.39765625 0.065625 0.109375
2 0.79765625 0.45390625 0.0640625 0.115625
0 0.47890625 0.403125 0.0296875 0.04375
1 0.3109375 0.40703125 0.0328125 0.0375
0 0.78046875 0.3875 0.025 0.0421875
6 0.556640625 0.4296875 0.05859375 0.0859375
0 0.22395312500000003 0.40234375 0.0234375 0.052078124999999996