2 0.4484375 0.4359375 0.0609375 0.0984375
2 0.4203125 0.53046875 0.096875 0.1453125
0 0.528453125 0.46595312499999997 0.056921875 0.068078125
0 0.97265625 0.50446875 0.0546875 0.11160937500000001
5 0.776234375 0.42521875 0.0703125 0.118296875
5 0.69084375 0.397328125 0.029015625 0.044640625
1 0.529015625 0.40625 0.040171875 0.040171875
1 0.24329687500000002 0.407921875 0.04240625 0.056921875
0 0.28515625 0.3755625 0.025671875 0.05021875
0 0.203125 0.380015625 0.03125 0.041296875
1 0.45759375 0.362171875 0.02678125 0.045765625