5 0.07734375 0.5921875 0.1546875 0.203125
2 0.2296875 0.42265625 0.059375 0.09375
2 0.296875 0.43984375 0.059375 0.0765625
2 0.2765625 0.38984375 0.0453125 0.084375
2 0.32734375 0.39375 0.04375 0.0765625
2 0.5515625 0.43203125 0.05 0.1015625
2 0.58359375 0.52109375 0.0828125 0.1390625
2 0.71484375 0.396875 0.046875 0.0859375
2 0.79609375 0.45546875 0.078125 0.1140625
1 0.47767187499999997 0.513953125 0.084828125 0.135046875
0 0.484375 0.404578125 0.03571875 0.036828125
0 0.775671875 0.37946875 0.037953125 0.040171875