2 0.16953125 0.60234375 0.13125 0.15625
2 0.4859375 0.5109375 0.0734375 0.13125
2 0.5765625 0.5265625 0.090625 0.1703125
2 0.803125 0.465625 0.075 0.10625
2 0.55859375 0.44453125 0.05 0.0953125
2 0.2953125 0.4359375 0.059375 0.0953125
2 0.26875 0.3875 0.0453125 0.0984375
0 0.04609375 0.49765625 0.0421875 0.0859375
1 0.228125 0.3984375 0.021875 0.0421875
1 0.4765625 0.40703125 0.0171875 0.040625
1 0.721875 0.38125 0.015625 0.04375
0 0.77421875 0.37890625 0.0171875 0.04375
5 0.48984375 0.3890625 0.0578125 0.084375
2 0.3265625 0.39609375 0.04375 0.0734375