2 0.47578125 0.42734375 0.05 0.09375
2 0.78984375 0.46484375 0.09375 0.1421875
2 0.58125 0.52421875 0.0984375 0.16875
2 0.16484375 0.5890625 0.134375 0.1765625
1 0.48804687500000005 0.47915625000000006 0.028015625 0.057234375000000004
2 0.22609374999999998 0.42953125 0.06346874999999999 0.10121875
1 0.298921875 0.418265625 0.0196875 0.047421875
0 0.103171875 0.48835937500000004 0.033265625 0.07303125
1 0.718921875 0.37440625 0.015953125000000002 0.040421875
1 0.7719375 0.37046875 0.020390625000000002 0.037765625000000004
1 0.549484375 0.400578125 0.01559375 0.040703125