2 0.69765625 0.4375 0.05625 0.1015625
2 0.6734375 0.39140625 0.053125 0.0921875
2 0.421875 0.52890625 0.09375 0.1671875
1 0.51953125 0.48717187500000003 0.04353125 0.072546875
1 0.790171875 0.5161875 0.053578125 0.0859375
1 0.9520156249999999 0.508375 0.069203125 0.1015625
1 0.765625 0.400671875 0.03125 0.05134375
1 0.20759375000000002 0.4296875 0.044640625 0.060265625
1 0.282359375 0.383375 0.024546875000000003 0.056921875
1 0.44475 0.40735937499999997 0.036828125 0.060265625
1 0.51115625 0.420203125 0.03571875 0.036828125
1 0.20646874999999998 0.362171875 0.029015625 0.05915625