2 0.18046875 0.609375 0.1078125 0.159375
2 0.29609375 0.440625 0.0671875 0.10625
2 0.478125 0.525 0.090625 0.1328125
2 0.57421875 0.53125 0.0875 0.1453125
2 0.790625 0.44453125 0.0765625 0.1109375
5 0.11271875 0.474890625 0.087046875 0.11495312499999999
1 0.22712500000000002 0.40123437500000003 0.036828125 0.056921875
0 0.712046875 0.372203125 0.022328124999999997 0.04353125
1 0.7890625 0.37053125 0.037953125 0.044640625
1 0.48884375 0.41126562499999997 0.02678125 0.0546875
0 0.557484375 0.40345312499999997 0.030140624999999997 0.0390625