2 0.69765625 0.4375 0.05625 0.1015625
2 0.6734375 0.39140625 0.053125 0.0921875
2 0.421875 0.52890625 0.09375 0.1671875
4 0.51615625 0.48110937500000006 0.029656250000000002 0.053328125000000004
0 0.9497187500000001 0.502765625 0.048515625 0.0731875
1 0.7883125 0.5099375 0.02971875 0.061484375
1 0.766046875 0.40190625 0.024265625 0.048562499999999995
1 0.2066875 0.42417187500000003 0.027937499999999997 0.054031249999999996
1 0.27928125000000004 0.37440625 0.016875 0.040421875
1 0.20601562499999998 0.36589062499999997 0.018765625 0.03903125
1 0.44349999999999995 0.399265625 0.017171875 0.035453125
1 0.5081875 0.41759375 0.01490625 0.038265625
1 0.5206875 0.3783125 0.012703125000000001 0.032609375
0 0.457890625 0.368515625 0.0173125 0.041671875000000004