2 0.0390625 0.57734375 0.078125 0.19375
2 0.2328125 0.41953125 0.053125 0.09375
2 0.3015625 0.43515625 0.04375 0.0828125
2 0.3296875 0.39140625 0.04375 0.0828125
2 0.55234375 0.434375 0.0515625 0.096875
2 0.48515625 0.52265625 0.0765625 0.1328125
2 0.58359375 0.52421875 0.09375 0.1453125
2 0.7234375 0.4015625 0.059375 0.084375
2 0.79921875 0.45625 0.0796875 0.1046875
0 0.47721875 0.408203125 0.01953125 0.037765625000000004
1 0.786453125 0.36393749999999997 0.0234375 0.037765625000000004
0 0.26628124999999997 0.37043750000000003 0.024734375 0.03515625