2 0.578125 0.52421875 0.09375 0.1375
2 0.79453125 0.45546875 0.0828125 0.10625
5 0.10215624999999999 0.55946875 0.18375 0.23346874999999997
0 0.29828125 0.415640625 0.026218750000000002 0.04478125
0 0.22957812500000002 0.403859375 0.021625 0.044656249999999995
0 0.48340625 0.40646875 0.018875 0.036828125
0 0.47165625 0.477859375 0.029218749999999998 0.059828124999999996
0 0.71959375 0.38290625 0.019875 0.036578125
0 0.776515625 0.377671875 0.019125 0.03915625
1 0.28518750000000004 0.35478125 0.02346875 0.042828125
0 0.550796875 0.405171875 0.02084375 0.0420625