2 0.29765625 0.42890625 0.053125 0.1
2 0.03984375 0.58515625 0.078125 0.1796875
2 0.55078125 0.43359375 0.05625 0.1046875
2 0.48671875 0.51953125 0.0796875 0.1390625
2 0.584375 0.52890625 0.090625 0.1453125
2 0.79453125 0.45390625 0.0609375 0.1046875
2 0.221875 0.42421875 0.06875 0.1390625
6 0.478125 0.44140625 0.04375 0.115625
2 0.7234375 0.4109375 0.0546875 0.084375
0 0.78984375 0.365625 0.0484375 0.059375
2 0.33203125 0.38203125 0.059375 0.0890625
0 0.484375 0.371875 0.028125 0.0484375
0 0.53984375 0.3625 0.0265625 0.0421875
0 0.2640625 0.36875 0.0421875 0.05