2 0.85078125 0.59765625 0.115625 0.1546875
2 0.51640625 0.53984375 0.0875 0.1328125
2 0.2015625 0.4640625 0.0875 0.1125
2 0.28046875 0.40078125 0.053125 0.0984375
6 0.746875 0.40859375 0.0765625 0.103125
1 0.72578125 0.37109375 0.0171875 0.0421875
0 0.67578125 0.36328125 0.021875 0.028125
1 0.66328125 0.40546875 0.0140625 0.0375
0 0.428125 0.44296875 0.0203125 0.05625
6 0.45 0.440625 0.0515625 0.084375
0 0.225 0.38125 0.01875 0.0421875
2 0.515625 0.39375 0.040625 0.078125
0 0.45859375 0.37265625 0.015625 0.0390625