2 0.35625 0.72421875 0.28125 0.525
2 0.93671875 0.54765625 0.1 0.209375
2 0.70703125 0.4390625 0.06875 0.1
2 0.73984375 0.38359375 0.0515625 0.1078125
2 0.43125 0.5078125 0.0671875 0.1453125
2 0.2 0.46171875 0.078125 0.1234375
1 0.221875 0.36171875 0.03125 0.0453125
1 0.28828125 0.38125 0.0390625 0.053125
1 0.81328125 0.5109375 0.0578125 0.0765625
1 0.5203125 0.4828125 0.0515625 0.065625
1 0.5265625 0.40234375 0.0328125 0.046875
0 0.68046875 0.3671875 0.03125 0.0453125
1 0.45390625 0.40234375 0.0328125 0.046875
0 0.775 0.4078125 0.0328125 0.053125