2 0.728125 0.39140625 0.0484375 0.0859375
2 0.70234375 0.440625 0.053125 0.084375
2 0.44921875 0.43359375 0.0546875 0.1046875
2 0.42109375 0.5203125 0.096875 0.1546875
2 0.51875 0.52578125 0.084375 0.121875
0 0.28059375000000003 0.37440625 0.0195 0.043046875
1 0.241359375 0.40582812500000004 0.021734375 0.043375000000000004
0 0.208640625 0.37701562499999997 0.02403125 0.040453125
0 0.528453125 0.4025625 0.023859375 0.047265625
0 0.5121875 0.38225 0.013921875 0.037890625
1 0.45853124999999995 0.373765625 0.013390625 0.04434375