2 0.1015625 0.5375 0.1109375 0.1796875
2 0.1734375 0.59453125 0.128125 0.1765625
2 0.30078125 0.4390625 0.065625 0.084375
2 0.2671875 0.39296875 0.04375 0.1015625
2 0.4828125 0.534375 0.0859375 0.1171875
2 0.48671875 0.44296875 0.0515625 0.0765625
2 0.5484375 0.4453125 0.0515625 0.0984375
2 0.57578125 0.52890625 0.0828125 0.146875
2 0.71328125 0.4015625 0.0484375 0.1
1 0.794640625 0.42076562500000003 0.02009375 0.049109375
0 0.767859375 0.381140625 0.022328124999999997 0.041296875
0 0.53459375 0.369984375 0.02009375 0.041296875