2 0.29765625 0.42890625 0.053125 0.1
2 0.03984375 0.58515625 0.078125 0.1796875
2 0.55078125 0.43359375 0.05625 0.1046875
2 0.48671875 0.51953125 0.0796875 0.1390625
2 0.584375 0.52890625 0.090625 0.1453125
0 0.7265625 0.392859375 0.037953125 0.044640625
0 0.7885 0.364953125 0.032359375 0.046875
0 0.794078125 0.43248437500000003 0.0390625 0.063609375
0 0.22545312499999998 0.399 0.040171875 0.056921875
0 0.478796875 0.41015625 0.033484375 0.0390625
0 0.5390625 0.360484375 0.029015625 0.037953125
0 0.48326562500000003 0.37890625 0.029015625 0.03459375