2 0.93671875 0.55 0.0984375 0.19375
2 0.4265625 0.50859375 0.08125 0.146875
2 0.20390625 0.4640625 0.090625 0.1015625
2 0.67890625 0.3953125 0.0609375 0.0703125
2 0.7046875 0.44609375 0.0609375 0.0921875
2 0.7328125 0.390625 0.0546875 0.0859375
2 0.28581249999999997 0.403 0.055984374999999996 0.08984375
0 0.234375 0.37434375000000003 0.020828125 0.037765625000000004
0 0.526046875 0.412765625 0.020828125 0.041671875000000004
1 0.450515625 0.401046875 0.026046875000000004 0.046875
0 0.512375 0.474609375 0.029953125000000004 0.053390625000000004
0 0.798171875 0.513015625 0.0390625 0.067703125