2 0.51640625 0.44453125 0.0765625 0.0921875
2 0.52109375 0.52890625 0.071875 0.1453125
2 0.4265625 0.5140625 0.075 0.1546875
2 0.203125 0.46796875 0.0796875 0.1359375
2 0.70703125 0.4421875 0.0625 0.1078125
2 0.67734375 0.39921875 0.046875 0.078125
1 0.287953125 0.37946875 0.02009375 0.05134375
1 0.212609375 0.372203125 0.025671875 0.04353125
1 0.76953125 0.399546875 0.021203125 0.044640625
5 0.91796875 0.5786875 0.15290625 0.193078125
4 0.524 0.4135 0.041296875 0.052453125
1 0.4536875 0.404015625 0.01896875 0.04240625