2 0.90703125 0.56015625 0.1359375 0.25
2 0.803125 0.5828125 0.134375 0.1703125
2 0.28671875 0.41171875 0.0625 0.1078125
2 0.20859375 0.4625 0.096875 0.1046875
4 0.51115625 0.522875 0.084828125 0.130578125
1 0.4296875 0.47545312500000003 0.05134375 0.084828125
1 0.708140625 0.40625 0.036828125 0.05803125
0 0.45759375 0.400671875 0.040171875 0.07365625
0 0.520640625 0.40625 0.032359375 0.049109375
0 0.77678125 0.40904687500000003 0.03125 0.05915625
0 0.22599999999999998 0.37890625 0.032359375 0.04353125
0 0.676890625 0.372765625 0.02790625 0.03125