2 0.0390625 0.57734375 0.078125 0.19375
2 0.2328125 0.41953125 0.053125 0.09375
2 0.27265625 0.39296875 0.0453125 0.0859375
2 0.3015625 0.43515625 0.04375 0.0828125
2 0.3296875 0.39140625 0.04375 0.0828125
2 0.471875 0.434375 0.0390625 0.09375
2 0.55234375 0.434375 0.0515625 0.096875
2 0.4859375 0.4 0.0546875 0.0765625
2 0.48515625 0.52265625 0.0765625 0.1328125
2 0.58359375 0.52421875 0.09375 0.1453125
2 0.7234375 0.4015625 0.059375 0.084375
2 0.54609375 0.39609375 0.046875 0.0765625
2 0.79921875 0.45625 0.0796875 0.1046875
0 0.789625 0.364953125 0.025671875 0.05134375