2 0.159375 0.603125 0.1171875 0.1484375
2 0.796875 0.47265625 0.090625 0.1203125
2 0.7203125 0.39921875 0.0546875 0.1125
2 0.27734375 0.39453125 0.053125 0.0890625
1 0.48046875 0.46484375 0.0234375 0.0484375
1 0.57109375 0.44453125 0.0203125 0.053125
0 0.48359375 0.41171875 0.0140625 0.040625
0 0.5515625 0.40625 0.021875 0.0453125
0 0.4890625 0.371875 0.0140625 0.0359375
0 0.53984375 0.37421875 0.0171875 0.04375
6 0.2484375 0.41875 0.05 0.1109375
0 0.32734375 0.39765625 0.021875 0.040625
2 0.784375 0.3984375 0.0578125 0.0796875