2 0.48125 0.515625 0.078125 0.1609375
2 0.275 0.39296875 0.046875 0.0859375
6 0.0921875 0.47578125 0.1484375 0.3703125
1 0.58671875 0.47109375 0.0390625 0.0625
0 0.76875 0.42578125 0.0328125 0.0609375
0 0.7875 0.36015625 0.025 0.0453125
0 0.71015625 0.371875 0.021875 0.0515625
0 0.55625 0.41015625 0.0375 0.0484375
0 0.35625 0.32578125 0.0390625 0.0578125
0 0.23828125 0.3859375 0.0296875 0.040625
1 0.48359375 0.40703125 0.0296875 0.0421875
0 0.48515625 0.365625 0.015625 0.0390625
0 0.54375 0.371875 0.021875 0.0375