2 0.52109375 0.52421875 0.090625 0.121875
2 0.415625 0.53203125 0.0875 0.1328125
0 0.9453125 0.49453125 0.0515625 0.1015625
0 0.7921875 0.5046875 0.040625 0.0765625
0 0.77109375 0.4046875 0.0359375 0.0640625
0 0.69296875 0.40234375 0.0453125 0.0640625
1 0.51484375 0.41875 0.0234375 0.0515625
5 0.19765625 0.45078125 0.065625 0.1015625
1 0.28828125 0.39296875 0.0484375 0.096875
1 0.4375 0.39375 0.0390625 0.0390625
0 0.2125 0.36875 0.040625 0.0453125
5 0.5234375 0.37890625 0.0328125 0.0453125
0 0.675 0.365625 0.0296875 0.05
0 0.734375 0.37578125 0.0265625 0.0390625