2 0.03984375 0.58359375 0.078125 0.178125
2 0.23046875 0.42421875 0.05625 0.09375
2 0.27109375 0.39296875 0.0484375 0.0859375
2 0.296875 0.4328125 0.05625 0.096875
2 0.3265625 0.3875 0.0484375 0.0828125
2 0.55078125 0.434375 0.0515625 0.10625
2 0.48671875 0.51953125 0.075 0.1390625
2 0.58359375 0.5265625 0.0875 0.1453125
2 0.7234375 0.40859375 0.0515625 0.08125
2 0.796875 0.45625 0.0828125 0.10625
0 0.475265625 0.40690625 0.020828125 0.04296875
1 0.77734375 0.36198437499999997 0.0234375 0.044265624999999996