2 0.28125 0.3828125 0.0515625 0.1
2 0.71171875 0.403125 0.0453125 0.09375
2 0.796875 0.45234375 0.075 0.121875
0 0.091375 0.48053125 0.041234375000000004 0.083421875
0 0.47871874999999997 0.4850625 0.026968750000000003 0.06121875
1 0.58078125 0.475234375 0.025968750000000002 0.0571875
0 0.47884374999999996 0.40648437499999995 0.025374999999999998 0.044687500000000005
1 0.548734375 0.404515625 0.022359375 0.043359375
1 0.2936875 0.41303124999999996 0.019625 0.04475
2 0.22282812500000002 0.42818750000000005 0.0648125 0.085484375
0 0.768015625 0.376359375 0.02296875 0.039140625