2 0.28828125 0.43671875 0.0734375 0.125
2 0.4875 0.528125 0.08125 0.13125
2 0.57421875 0.51328125 0.0875 0.1515625
2 0.33203125 0.3953125 0.0625 0.09375
5 0.790625 0.42421875 0.0265625 0.0484375
2 0.7828125 0.46015625 0.0828125 0.121875
1 0.71796875 0.3796875 0.01875 0.040625
0 0.79765625 0.38203125 0.0265625 0.0359375
1 0.05390625 0.46875 0.0421875 0.0703125
2 0.48515625 0.446875 0.0609375 0.084375
1 0.54921875 0.4015625 0.01875 0.0453125
5 0.477859375 0.4140625 0.041671875000000004 0.046875
1 0.23828125 0.39453125 0.018234375 0.049484375000000004