2 0.4859375 0.53203125 0.0859375 0.1203125
2 0.58203125 0.53515625 0.0921875 0.14375
2 0.5515625 0.4484375 0.05625 0.0953125
2 0.7984375 0.4609375 0.0828125 0.109375
2 0.29296875 0.4421875 0.05625 0.0859375
2 0.33203125 0.39140625 0.0625 0.078125
2 0.178125 0.58984375 0.1125 0.1953125
2 0.26640625 0.39375 0.053125 0.08125
1 0.484671875 0.424609375 0.035296875 0.049453125
0 0.714984375 0.38670312500000004 0.030671874999999998 0.03959375
1 0.769671875 0.37628125 0.018515625 0.03959375
1 0.23090625 0.3994375 0.0381875 0.058125