2 0.14921875 0.584375 0.13125 0.1859375
2 0.29921875 0.44140625 0.0828125 0.1046875
2 0.26171875 0.39296875 0.053125 0.0890625
2 0.47578125 0.52578125 0.078125 0.128125
2 0.565625 0.509375 0.0875 0.1390625
2 0.7953125 0.45390625 0.0859375 0.1125
2 0.54453125 0.42265625 0.0515625 0.109375
0 0.22200000000000003 0.40559375 0.024734375 0.05078125
0 0.47721875 0.41340625 0.016921875 0.045578125000000004
2 0.7109375 0.40234375 0.046875 0.096359375
0 0.7701875 0.37760937499999997 0.022140625 0.033859375000000004