2 0.5796875 0.521875 0.09375 0.153125
2 0.7125 0.40234375 0.04375 0.08125
2 0.54765625 0.4359375 0.0609375 0.1
0 0.086984375 0.47725 0.035921875 0.07684375
1 0.22434375 0.405171875 0.021562500000000002 0.044671875
0 0.29107812499999997 0.41496875 0.022218750000000002 0.035609375
0 0.48004687500000004 0.403859375 0.021718750000000002 0.039421875
1 0.79484375 0.428109375 0.024546875000000003 0.0566875
0 0.482109375 0.48178124999999994 0.02409375 0.05725
0 0.7719375 0.377671875 0.023015625 0.041765625
1 0.28378125 0.35476562500000003 0.01840625 0.04021875