2 0.846875 0.609375 0.175 0.1453125
2 0.5140625 0.51640625 0.0953125 0.14375
2 0.41796875 0.53125 0.0984375 0.15625
2 0.69765625 0.4359375 0.0640625 0.0953125
2 0.7359375 0.39140625 0.046875 0.1015625
2 0.19765625 0.46328125 0.0875 0.1125
1 0.22712500000000002 0.380578125 0.03459375 0.05134375
1 0.282359375 0.387828125 0.024546875000000003 0.052453125
0 0.509484375 0.4140625 0.02790625 0.04240625
0 0.44084375 0.4213125 0.037953125 0.061390625
1 0.780140625 0.41295312500000003 0.037953125 0.05803125
0 0.681921875 0.368296875 0.02009375 0.03571875