2 0.18046875 0.609375 0.1078125 0.159375
2 0.29609375 0.440625 0.0671875 0.10625
2 0.478125 0.525 0.090625 0.1328125
2 0.57421875 0.53125 0.0875 0.1453125
2 0.790625 0.44453125 0.0765625 0.1109375
1 0.482140625 0.40625 0.03125 0.044640625
1 0.553015625 0.407921875 0.030140624999999997 0.047984375
1 0.79240625 0.368859375 0.022328124999999997 0.045765625
0 0.12276562499999999 0.48717187500000003 0.053578125 0.0859375
0 0.709265625 0.37834375 0.025671875 0.046875
1 0.22990624999999998 0.407921875 0.040171875 0.052453125