2 0.2984375 0.428125 0.059375 0.0890625
2 0.26328125 0.38671875 0.04375 0.1
2 0.32734375 0.39296875 0.053125 0.0734375
2 0.1484375 0.5984375 0.11875 0.1671875
2 0.484375 0.534375 0.078125 0.1296875
2 0.57734375 0.52421875 0.0703125 0.146875
2 0.5484375 0.43828125 0.065625 0.078125
2 0.8015625 0.46484375 0.0890625 0.1203125
0 0.477125 0.415734375 0.030140624999999997 0.045765625
0 0.715953125 0.387828125 0.03459375 0.047984375
0 0.775109375 0.377234375 0.0234375 0.040171875
1 0.22545312499999998 0.40178125 0.03125 0.053578125