2 0.83125 0.59453125 0.1328125 0.184375
2 0.70390625 0.4390625 0.0671875 0.096875
2 0.6734375 0.3859375 0.0515625 0.1046875
2 0.42421875 0.528125 0.0890625 0.1484375
2 0.4484375 0.440625 0.0640625 0.1
2 0.1921875 0.46796875 0.09375 0.0953125
1 0.22421875 0.38203125 0.0359375 0.0546875
0 0.28203125 0.3875 0.04375 0.0625
5 0.5109375 0.46875 0.0265625 0.046875
1 0.51875 0.40234375 0.03125 0.05
0 0.7734375 0.40546875 0.0328125 0.04375
0 0.96328125 0.509375 0.065625 0.1328125
1 0.73125 0.3609375 0.025 0.04375
1 0.4578125 0.3734375 0.03125 0.04375
1 0.50859375 0.3609375 0.034375 0.04375