2 0.9609375 0.58671875 0.0765625 0.1796875
2 0.76875 0.41953125 0.053125 0.1
2 0.72890625 0.3890625 0.0484375 0.0765625
2 0.70234375 0.43125 0.05 0.090625
2 0.66953125 0.38984375 0.040625 0.0671875
2 0.5140625 0.39765625 0.05625 0.08125
2 0.459375 0.39453125 0.0484375 0.084375
2 0.45078125 0.43359375 0.0546875 0.1
2 0.52734375 0.43359375 0.04375 0.09375
2 0.51484375 0.5203125 0.0765625 0.1328125
2 0.415625 0.52265625 0.0890625 0.15625
2 0.28046875 0.40234375 0.0546875 0.09375
2 0.203125 0.45859375 0.0875 0.109375
0 0.21373437499999998 0.37053125 0.030140624999999997 0.040171875