2 0.28671875 0.43984375 0.078125 0.1171875
2 0.06640625 0.553125 0.11875 0.2296875
2 0.571875 0.5125 0.08125 0.13125
2 0.79765625 0.4609375 0.08125 0.1140625
2 0.32578125 0.39296875 0.0578125 0.08125
1 0.4838125 0.48157812499999997 0.04353125 0.052453125
0 0.21484375 0.521203125 0.05915625 0.087046875
1 0.477125 0.407921875 0.030140624999999997 0.061390625
1 0.55021875 0.40123437500000003 0.037953125 0.056921875
2 0.71540625 0.397875 0.046875 0.108265625
1 0.786265625 0.369421875 0.02790625 0.033484375