2 0.54921875 0.43671875 0.05625 0.1015625
2 0.58203125 0.5296875 0.09375 0.14375
2 0.48515625 0.52265625 0.0765625 0.1359375
0 0.0234375 0.48984375 0.046875 0.10625
1 0.54140625 0.3640625 0.034375 0.040625
0 0.7890625 0.3703125 0.0265625 0.0375
1 0.3078125 0.403125 0.034375 0.04375
0 0.27734375 0.34609375 0.0390625 0.0375
0 0.23984375 0.38984375 0.025 0.0390625
0 0.728125 0.37578125 0.0359375 0.046875
0 0.76015625 0.4078125 0.034375 0.0421875
0 0.321875 0.36484375 0.0234375 0.0359375
6 0.4734375 0.4296875 0.0515625 0.0921875