2 0.35625 0.72421875 0.28125 0.525
2 0.93671875 0.54765625 0.1 0.209375
2 0.70703125 0.4390625 0.06875 0.1
2 0.73984375 0.38359375 0.0515625 0.1078125
2 0.43125 0.5078125 0.0671875 0.1453125
2 0.2 0.46171875 0.078125 0.1234375
1 0.22193749999999998 0.3618125 0.030671874999999998 0.045375
1 0.288484375 0.381203125 0.038765625 0.05290625
1 0.81365625 0.510859375 0.057874999999999996 0.076125
1 0.520546875 0.48278125000000005 0.051500000000000004 0.065109375
1 0.526625 0.40260937500000005 0.03240625 0.047125
0 0.680265625 0.36731250000000004 0.030671874999999998 0.045953125
1 0.453703125 0.40260937500000005 0.03240625 0.047125
0 0.7751718750000001 0.40753125 0.032984374999999996 0.053500000000000006