2 0.175 0.57734375 0.1484375 0.19375
2 0.30390625 0.4390625 0.0671875 0.078125
2 0.484375 0.53359375 0.0765625 0.11875
2 0.58203125 0.534375 0.096875 0.1484375
2 0.5546875 0.45 0.0625 0.115625
2 0.7140625 0.40703125 0.05625 0.0890625
2 0.79765625 0.45390625 0.0890625 0.125
0 0.028453125000000003 0.545203125 0.056921875 0.11271875
1 0.228234375 0.408484375 0.032359375 0.053578125
1 0.48103125 0.42578125 0.033484375 0.052453125
0 0.795765625 0.376109375 0.024546875000000003 0.046875
0 0.536265625 0.364953125 0.02790625 0.05134375
0 0.321421875 0.377234375 0.022328124999999997 0.044640625
0 0.266734375 0.37053125 0.03125 0.0625
0 0.48326562500000003 0.37946875 0.03125 0.03571875