2 0.93671875 0.55 0.0984375 0.19375
2 0.4265625 0.50859375 0.08125 0.146875
2 0.208921875 0.46126562499999996 0.08728125 0.10714062499999999
2 0.67890625 0.3953125 0.0609375 0.0703125
2 0.7046875 0.44609375 0.0609375 0.0921875
2 0.7328125 0.390625 0.0546875 0.0859375
0 0.7993750000000001 0.512046875 0.036203125 0.06571875
2 0.527359375 0.43543750000000003 0.062484375 0.105203125
1 0.513578125 0.47721875 0.02525 0.061515625
0 0.28725 0.378046875 0.016453125 0.043265625
4 0.23504687500000002 0.374671875 0.01953125 0.028328125
2 0.7734375 0.42884374999999997 0.05803125 0.090953125