2 0.9609375 0.59140625 0.0765625 0.18125
2 0.76953125 0.4234375 0.0546875 0.0953125
2 0.703125 0.43515625 0.053125 0.0890625
2 0.6703125 0.39140625 0.04375 0.075
2 0.41640625 0.52734375 0.090625 0.1453125
2 0.44921875 0.4359375 0.0515625 0.1078125
2 0.203125 0.45859375 0.0875 0.103125
2 0.27578125 0.40234375 0.05625 0.09375
0 0.515625 0.48371875 0.0234375 0.055984374999999996
0 0.2109375 0.36589062499999997 0.028640624999999996 0.049484375000000004
0 0.5266875 0.4095 0.016921875 0.03515625
0 0.731765625 0.36784374999999997 0.020828125 0.040359374999999996