2 0.54921875 0.43671875 0.0578125 0.1046875
2 0.5796875 0.52578125 0.09375 0.159375
6 0.040625 0.57578125 0.08125 0.265625
6 0.23046875 0.41328125 0.0640625 0.13125
6 0.4734375 0.50390625 0.0640625 0.1359375
1 0.7609375 0.4078125 0.0390625 0.0484375
1 0.71640625 0.378125 0.0375 0.053125
1 0.54140625 0.3640625 0.0234375 0.040625
1 0.31875 0.403125 0.0328125 0.053125
0 0.27734375 0.3453125 0.0375 0.053125
0 0.4734375 0.4046875 0.0265625 0.040625
0 0.791015625 0.36653125000000003 0.01953125 0.040359374999999996