2 0.52421875 0.42734375 0.05 0.09375
2 0.21015625 0.46484375 0.09375 0.1421875
2 0.41875 0.52421875 0.0984375 0.16875
2 0.83515625 0.5890625 0.134375 0.1765625
1 0.2828125 0.371875 0.0203125 0.040625
1 0.228125 0.37265625 0.01875 0.0390625
2 0.90859375 0.54453125 0.1078125 0.1875
0 0.7015625 0.41796875 0.0234375 0.0453125
1 0.5109375 0.4796875 0.0296875 0.05625
2 0.771875 0.4234375 0.06875 0.0890625
0 0.67890625 0.3765625 0.0171875 0.0421875
0 0.73671875 0.36953125 0.025 0.0390625
1 0.453125 0.3984375 0.021875 0.0375