2 0.55 0.43828125 0.05625 0.1015625
2 0.484375 0.52734375 0.0796875 0.13125
2 0.57890625 0.52734375 0.0796875 0.15
2 0.3015625 0.42734375 0.0515625 0.09375
0 0.72590625 0.37956249999999997 0.02734375 0.04296875
0 0.791015625 0.37174999999999997 0.022140625 0.045578125000000004
0 0.28125 0.33918750000000003 0.028640624999999996 0.032546874999999996
0 0.475265625 0.404296875 0.020828125 0.04296875
0 0.759109375 0.40234375 0.0234375 0.049484375000000004
0 0.54296875 0.36848437500000003 0.018234375 0.0390625
6 0.23371875000000003 0.411453125 0.055984374999999996 0.104171875
6 0.06575 0.56575 0.12890625 0.22526562499999997