2 0.54765625 0.4359375 0.0515625 0.1015625
2 0.58046875 0.521875 0.0875 0.1609375
2 0.271875 0.39375 0.0484375 0.08125
2 0.3234375 0.39296875 0.053125 0.08125
1 0.760796875 0.4051875 0.021625 0.052531249999999995
0 0.720890625 0.37307812500000004 0.01728125 0.035171875000000005
0 0.795484375 0.37307812500000004 0.018015625 0.035171875000000005
2 0.480171875 0.4334375 0.046390625000000005 0.09078125000000001
0 0.483421875 0.487703125 0.029375000000000002 0.07171875
1 0.23545312499999999 0.38684375000000004 0.01775 0.044484375
0 0.28453125 0.41434375 0.024781249999999998 0.05