6 0.9203125 0.58046875 0.1578125 0.1921875
2 0.7265625 0.3890625 0.05 0.0921875
2 0.67265625 0.3890625 0.0421875 0.0796875
2 0.70546875 0.4421875 0.059375 0.0828125
2 0.52578125 0.4421875 0.0453125 0.096875
2 0.45078125 0.4328125 0.0546875 0.1015625
2 0.42109375 0.525 0.0875 0.1453125
2 0.2859375 0.39921875 0.046875 0.0859375
2 0.20390625 0.453125 0.078125 0.1171875
1 0.515625 0.4796875 0.0265625 0.0609375
2 0.771875 0.42578125 0.0640625 0.0984375
0 0.2265625 0.37734375 0.0203125 0.0453125
0 0.52109375 0.37734375 0.0171875 0.0375