2 0.44921875 0.4328125 0.059375 0.1046875
2 0.5171875 0.525 0.0875 0.1265625
2 0.42265625 0.525 0.0984375 0.1515625
0 0.23828125 0.41071875 0.0390625 0.053578125
0 0.208703125 0.369984375 0.033484375 0.04353125
1 0.28571875 0.3744375 0.040171875 0.056921875
1 0.69978125 0.40345312499999997 0.029015625 0.04353125
1 0.529015625 0.41015625 0.03571875 0.047984375
0 0.4609375 0.369984375 0.029015625 0.047984375
4 0.7734375 0.40514062500000003 0.046875 0.060265625
4 0.727671875 0.37053125 0.040171875 0.044640625