2 0.1484375 0.59296875 0.13125 0.175
2 0.30234375 0.44453125 0.0703125 0.103125
2 0.26953125 0.39140625 0.0421875 0.0890625
2 0.484375 0.52578125 0.075 0.13125
2 0.55234375 0.45390625 0.059375 0.0890625
2 0.7171875 0.41328125 0.04375 0.0859375
1 0.77109375 0.3828125 0.0359375 0.0453125
1 0.57421875 0.47421875 0.0484375 0.06875
0 0.22734375 0.403125 0.03125 0.059375
1 0.80234375 0.4375 0.0390625 0.0484375
4 0.4765625 0.44140625 0.0359375 0.059375
5 0.475 0.4046875 0.040625 0.040625
2 0.32109375 0.38828125 0.0265625 0.0671875