2 0.82421875 0.59921875 0.125 0.1609375
2 0.52734375 0.528125 0.0890625 0.140625
2 0.42109375 0.53515625 0.090625 0.1421875
2 0.21015625 0.4640625 0.0796875 0.103125
2 0.284375 0.39921875 0.0546875 0.0921875
2 0.46171875 0.3890625 0.0359375 0.09375
1 0.89921875 0.49453125 0.0765625 0.1
1 0.7703125 0.39765625 0.0359375 0.0578125
0 0.6984375 0.41875 0.034375 0.053125
0 0.51640625 0.4171875 0.0296875 0.0484375
0 0.2109375 0.375 0.025 0.0484375
0 0.51796875 0.3765625 0.021875 0.034375
0 0.4375 0.41640625 0.0359375 0.0421875
5 0.73203125 0.37421875 0.0359375 0.0421875
0 0.68046875 0.3703125 0.021875 0.04375