2 0.271875 0.39296875 0.0484375 0.0859375
2 0.32578125 0.39140625 0.046875 0.0828125
2 0.5515625 0.434375 0.05625 0.10625
2 0.5828125 0.5234375 0.090625 0.146875
1 0.486046875 0.49275 0.047984375 0.083703125
0 0.7578125 0.411828125 0.033484375 0.055796875
0 0.49107812500000003 0.421875 0.03571875 0.053578125
1 0.2265625 0.41126562499999997 0.037953125 0.063609375
0 0.482703125 0.376671875 0.032359375 0.047984375
0 0.71540625 0.377234375 0.033484375 0.06696875
0 0.7974375 0.38728125 0.032359375 0.05134375