2 0.178125 0.596875 0.1265625 0.2
2 0.48515625 0.53046875 0.0953125 0.13125
2 0.79453125 0.4640625 0.0734375 0.1296875
2 0.7171875 0.41015625 0.06875 0.1125
2 0.26875 0.39296875 0.0625 0.09375
2 0.579421875 0.521484375 0.0859375 0.16015625
1 0.30989062500000003 0.3984375 0.0234375 0.041671875000000004
1 0.22785937500000003 0.40234375 0.0234375 0.046875
0 0.546875 0.37043750000000003 0.018234375 0.040359374999999996
6 0.537109375 0.43359375 0.048171874999999996 0.109375
0 0.47721875 0.407546875 0.022140625 0.0390625
0 0.775390625 0.37890625 0.022140625 0.044265624999999996
0 0.109375 0.490234375 0.036453124999999996 0.076828125