2 0.840625 0.603125 0.1171875 0.1484375
2 0.203125 0.47265625 0.090625 0.1203125
2 0.2796875 0.39921875 0.0546875 0.1125
2 0.72265625 0.39453125 0.053125 0.0890625
1 0.42846875000000006 0.445796875 0.0235625 0.063421875
1 0.5194062500000001 0.46015625 0.02315625 0.047875
2 0.214640625 0.40396875000000004 0.06465625 0.086546875
0 0.6718437500000001 0.40125 0.02334375 0.04725
0 0.51678125 0.41235937500000003 0.020515625000000003 0.040828125
0 0.45267187499999995 0.403859375 0.0225 0.042046875
5 0.7495 0.41646875000000005 0.05571875 0.1063125