2 0.715625 0.40625 0.059375 0.1078125
2 0.8 0.46484375 0.090625 0.125
2 0.578125 0.52578125 0.0828125 0.178125
2 0.4890625 0.52734375 0.0828125 0.1375
2 0.08828125 0.5515625 0.1171875 0.20625
2 0.190625 0.58671875 0.1203125 0.1828125
2 0.30078125 0.440625 0.0640625 0.125
2 0.265625 0.3890625 0.0546875 0.084375
0 0.47890625 0.41015625 0.0296875 0.04375
1 0.228125 0.40546875 0.0375 0.046875
0 0.77734375 0.38046875 0.0328125 0.0375
0 0.322265625 0.36979687499999997 0.016921875 0.036453124999999996
1 0.5345 0.39192187500000003 0.024734375 0.036453124999999996