2 0.290625 0.43828125 0.0609375 0.0890625
2 0.48359375 0.528125 0.06875 0.13125
2 0.57109375 0.5203125 0.096875 0.1546875
2 0.79375 0.46015625 0.078125 0.1203125
6 0.0905 0.57746875 0.157546875 0.194015625
0 0.228515625 0.401046875 0.016921875 0.046875
0 0.275390625 0.36262500000000003 0.01953125 0.040359374999999996
0 0.487625 0.42253125 0.01953125 0.040359374999999996
1 0.550125 0.404953125 0.022140625 0.0546875
1 0.712890625 0.37370312499999997 0.022140625 0.041671875000000004
1 0.786453125 0.373046875 0.026046875000000004 0.040359374999999996