2 0.71328125 0.43984375 0.078125 0.1171875
2 0.93359375 0.553125 0.11875 0.2296875
2 0.428125 0.5125 0.08125 0.13125
2 0.20234375 0.4609375 0.08125 0.1140625
2 0.67421875 0.39296875 0.0578125 0.08125
2 0.28828125 0.3984375 0.053125 0.096875
1 0.518234375 0.47265625 0.0234375 0.052078124999999996
1 0.526046875 0.40625 0.0234375 0.0390625
1 0.45246875 0.403640625 0.016921875 0.0390625
1 0.21028125000000003 0.37239062500000003 0.029953125000000004 0.03125
0 0.76953125 0.40690625 0.020828125 0.04296875
0 0.78840625 0.518234375 0.02734375 0.0625