2 0.45078125 0.4359375 0.0546875 0.10625
2 0.41640625 0.52578125 0.090625 0.1421875
2 0.2875 0.39921875 0.046875 0.09375
0 0.9123906249999999 0.47935937500000003 0.0390625 0.079234375
0 0.525671875 0.4056875 0.02009375 0.041296875
1 0.515625 0.47990625 0.029015625 0.060265625
0 0.23326562499999998 0.380578125 0.017859375 0.037953125
1 0.205359375 0.429125 0.029015625 0.056921875
2 0.708703125 0.439171875 0.053578125 0.092640625
2 0.775109375 0.4296875 0.05915625 0.091515625
1 0.71540625 0.353796875 0.02009375 0.04240625