2 0.1484375 0.59296875 0.13125 0.175
2 0.30234375 0.44453125 0.0703125 0.103125
2 0.26953125 0.39140625 0.0421875 0.0890625
2 0.484375 0.52578125 0.075 0.13125
2 0.55234375 0.45390625 0.059375 0.0890625
2 0.7171875 0.41328125 0.04375 0.0859375
1 0.77140625 0.38290625 0.035875000000000004 0.045921875
1 0.574359375 0.47437500000000005 0.04803125 0.069109375
0 0.22743750000000001 0.40317187499999996 0.03125 0.05865625
1 0.802375 0.43760937499999997 0.038765625 0.047671875
6 0.476265625 0.441375 0.035875000000000004 0.058671875
4 0.475109375 0.40490624999999997 0.040515625 0.041296875
2 0.320890625 0.38840625 0.027203125 0.067328125