2 0.721875 0.38359375 0.059375 0.09375
2 0.41796875 0.5234375 0.0890625 0.1453125
2 0.2046875 0.4578125 0.0796875 0.109375
0 0.51896875 0.482140625 0.024546875000000003 0.0625
1 0.44810937500000003 0.40123437500000003 0.0234375 0.045765625
2 0.289625 0.40625 0.052453125 0.095984375
0 0.22767187500000002 0.37946875 0.017859375 0.037953125
5 0.52734375 0.4369375 0.041296875 0.088171875
2 0.77678125 0.42521875 0.064734375 0.08928125
0 0.709828125 0.414625 0.02009375 0.04353125
1 0.9196406250000001 0.478796875 0.040171875 0.075890625