2 0.09296875 0.546875 0.1015625 0.178125
2 0.17734375 0.59375 0.1125 0.1828125
2 0.26328125 0.38984375 0.0515625 0.0984375
2 0.49375 0.53046875 0.08125 0.153125
2 0.5828125 0.53046875 0.0828125 0.1453125
2 0.71484375 0.39765625 0.065625 0.109375
2 0.79765625 0.45390625 0.0640625 0.115625
0 0.5619375 0.4296875 0.061390625 0.08259375
0 0.478796875 0.40345312499999997 0.029015625 0.04353125
1 0.310828125 0.40735937499999997 0.032359375 0.037953125
1 0.224890625 0.41126562499999997 0.030140624999999997 0.0546875
0 0.7806875 0.38728125 0.025671875 0.04240625