1 0.59140625 0.284375 0.0390625 0.0625
1 0.87578125 0.2984375 0.040625 0.071875
0 0.51640625 0.3078125 0.0296875 0.05625
1 0.69375 0.31484375 0.040625 0.078125
1 0.0703125 0.321875 0.0390625 0.0625
1 0.76953125 0.33671875 0.040625 0.0671875
1 0.3484375 0.340625 0.040625 0.0703125
1 0.921875 0.3421875 0.0515625 0.0640625
1 0.47421875 0.346875 0.040625 0.078125
1 0.61875 0.3484375 0.0390625 0.0609375
1 0.13046875 0.35625 0.0484375 0.071875
1 0.2078125 0.36328125 0.0578125 0.0859375
1 0.24921875 0.37578125 0.0359375 0.075
1 0.8484375 0.3765625 0.0421875 0.071875
1 0.41171875 0.37734375 0.046875 0.078125
1 0.5515625 0.3921875 0.0421875 0.078125
1 0.3453125 0.409375 0.04375 0.0875
1 0.29453125 0.4265625 0.0578125 0.1078125
1 0.4625 0.43828125 0.0546875 0.1
1 0.71953125 0.44765625 0.065625 0.1171875
1 0.41796875 0.5078125 0.0671875 0.1140625
1 0.65625 0.546875 0.0859375 0.1484375
1 0.76953125 0.58046875 0.0765625 0.140625
1 0.03125 0.65546875 0.0625 0.1671875
1 0.12734375 0.759375 0.1078125 0.203125